-16092.6
-6739.91
-10669.43
-11383.0
-15109.65
1532.75
12994.91
-11394.28
-9737.61
-3654.45
13988.35
-1446.68
-2511.65
-3141.13
7236.38
10005.83
-16295.48
-6060.20
-12346.89
14897.17
16044.74
-4164.47
11313.98
-4962.18
243.88
12444.48
-4226.46
-13364.28
-10154.67
6122.47
3054.88
14190.30
-7860.43
-10713.55
-11650.48
12203.68
10615.30
1317.41
-7160.78
-9200.49
-6134.33
-11439.54
4242.96
11474.77
15234.4
-2916.30
-8288.4
-3826.83
14678.56
-9366.75
-7617.47
-4938.64
12152.19
-1639.90
-10235.36
-3343.53
-572.26
2785.19
-15380.40
8702.4
2374.38
-15923.95
-10266.45
6335.32
6954.50
-1803.77
4724.73
-2471.5
4857.28
-16229.56
6819.45
-15518.9
13878.10
4416.23
-223.38
-442.71
-7103.60
-1327.86
-13332.68
5967.50
-8862.59
-9694.39
10680.88
14299.50
-9835.15
11796.3
-2720.93
15467.23
-13353.7
14946.34
-9700.84
14539.43
5422.43
2484.24
-14585.91
-1719.40
-2244.91
5398.41
3168.46
7899.69
-13839.23
-9815.81
6631.93
-3034.60
-11191.47
-14242.26
-7202.33
1670.94
2232.64
-11145.42
11642.99
-12039.89
-2790.16
-10243.22
10132.69
132.79
-3175.24
3939.94
5474.37
-13144.76
-11321.38
8699.94
854.18
711.9
-5459.77
-8451.11
7943.23
2991.38
-4375.62
-6435.19
-827.58
7049.76
15291.18
8447.28
12347.61
-4237.23
11242.74
14869.67
6369.64
12831.16
10999.10
13697.84
-15050.66
9089.7
3452.86
2181.58
13241.97
4463.90
5852.65
-7994.97
4643.75
-4843.5
-12178.95
-6744.68
-15566.6
7358.82
10334.81
10946.12
15834.27
-132.97
-13446.27
15079.8
1853.30
10370.91
-1020.64
-7845.18
-1670.22
624.31
10873.92
-1991.27
-13594.19
7057.12
-13384.85
4041.26
-10353.98
-7174.66
14517.46
5204.89
15149.65
-13786.31
-2997.21
-9188.86
-7335.96
13397.30
-933.45
-15209.62
8521.85
-9573.64
-12326.60
-11009.24
12707.84
-14286.47
-1836.55
8423.55
-1336.8
1114.68
-204.72
-260.62
-1998.79
14153.44
-9042.33
-13009.25
-3649.87
-9761.17
-14322.17
-11964.62
13406.43
-10804.18
12555.32
10173.13
10382.14
-9672.16
-8577.71
16032.88
-14540.38
2357.31
8255.78
15540.79
15208.74
690.99
6903.68
-7763.74
1144.0
-15584.76
-4062.81
609.88
-10101.88
-4549.17
14864.45
-12062.56
-12820.86
11592.69
-8907.2
-10588.19
13998.87
-16193.82
13390.27
2475.39
9067.90
10117.95
-14955.70
-13580.14
3620.63
6429.80
-10115.64
-7205.21
-6448.83
7338.16
2868.89
10802.12
110.41
-16073.67
-7464.77
5576.82
-5948.79
3193.66
-15131.98
-10502.77
3240.5
-2727.8
-13134.68
-5386.81
-8603.17
13419.76
13736.48
-4946.57
6534.64
-12063.51
4572.86
-9489.9
16003.40
-5239.80
13146.59
14657.39
4202.54
-8317.90
-5086.6
-10323.81
8271.43
5698.82
12459.44
-2962.74
-1893.7
-1838.69
6801.38
3625.92
10035.67
-3367.61
-8469.4
6794.74
4806.44
6437.6
-16093.80
-609.18
1064.63
1875.53
-5629.66
3580.64
-512.66
3966.44
5843.17
-10939.41
-2040.68
-14511.11
-3727.20
-16187.72
-2381.28
8007.6
9601.10
4994.0
-9562.21
6637.29
3225.20
-5818.84
16305.22
6479.79
-11487.86
78.81
-4150.99
9350.55
15896.70
14151.60
1835.14
-6294.41
-15666.68
-16247.19
-12191.10
2645.82
12574.8
-3750.97
13984.74
897.79
-7360.82
-16315.65
-12337.81
-14059.93
6243.65
-1370.16
-5891.60
12311.74
-959.82
1313.19
9369.32
13491.12
15831.23
-1312.45
866.97
-2965.28
-3703.19
7961.52
-7226.50
-12926.30
9566.67
-7377.64
12659.95
-14708.11
-7616.87
8581.79
14530.80
-473.85
-7638.96
-10232.39
12766.79
-12900.66
7140.47
-13812.59
-5787.24
-13643.25
9773.91
-3734.8
8498.69
5324.7
7311.53
10300.52
5452.70
-902.11
8931.59
11048.50
7616.46
484.85
5508.93
9147.97
6710.33
-2012.94
9108.24
-7824.61
-13099.98
3070.70
11709.69
14597.70
-2228.51
326.93
-6438.38
12190.59
16270.5
-8889.7
14386.38
-5545.95
-7670.89
-15706.36
6671.11
-9449.44
8.9
11505.56
11721.22
-15763.71
5111.56
-14927.92
-8191.5
-3716.35
3050.17
14333.63
-13784.8
13344.48
-11140.26
-9310.37
-9273.4
-397.33
-10140.75
13290.36
9685.88
-12325.8
-12742.10
11428.74
481.86
-5179.25
-2233.46
-12179.31
240.81
8141.12
-272.90
-1776.70
15628.21
-15693.36
-3609.92
-8852.75
4260.85
15064.80
13785.27
-14986.83
15268.8
-1919.66
-393.63
-14858.14
8798.91
14781.3
-1613.52
-11123.12
-11469.66
-3321.53
-15349.78
-2172.9
-14088.78
11467.18
-15475.70
-10969.54
14843.92
-14283.57
3134.33
-10137.66
4162.53
-5397.18
6020.0
10036.80
-7707.82
-5049.98
7540.94
-12473.24
6644.46
3878.83
7145.73
-4135.74
-4767.25
-11937.91
15764.72
10917.23
8849.51
6196.47
-15128.89
-5691.94
7251.11
7273.3
7496.51
-5124.4
2165.96
-13548.27
14107.57
-14524.63
-13243.57
-12362.85
-14814.99
3037.0
-5589.71
-11181.98
-12716.4
1848.48
-15531.14
-7172.54
9983.92
1480.76
-8929.68
13656.99
6537.53
-790.25
8076.38
-3741.57
6396.63
5589.15
-16321.4
14559.11
-10080.55
15675.27
9993.34
-11459.63
9064.34
-13767.12
791.37
-10449.51
-3381.12
177.43
1957.40
-6122.3
-13928.24
-10923.46
5797.57
-5784.98
11391.0
-8710.49
5808.53
-15211.9
-10156.14
12036.25
-934.97
15452.28
3678.47
10979.78
-7030.21
-2748.49
-8623.90
-11922.54
-899.44
15706.70
1536.98
-11126.33
11219.71
-8350.30
-5940.65
-11028.6
-11915.99
10072.4
7937.91
3609.80
-1935.58
-5568.11
3724.4
-13623.37
8258.48
12392.14
-1073.95
-6933.58
-10007.37
8812.29
9593.79
39.61
-1869.75
-2326.34
573.2
7224.57
-12259.77
-5255.0
-4662.13
15319.29
-6760.66
-10304.81
-354.71
2284.50
15187.15
2074.9
-7210.65
15854.60
-4217.38
-565.86
-13538.38
-9960.57
9266.32
3209.18
-2982.38
15364.93
8068.36
1251.47
-8813.54
-4371.77
14592.37
-7842.83
5887.80
-11685.79
-3403.33
-1812.45
-4480.19
-1412.81
7672.63
9293.14
-13863.96
-483.50
3020.84
14373.19
4177.87
-15425.84
-12134.83
-14539.98
-2307.16
1653.78
3924.16
-8543.51
-4204.31
-37.9
-10538.2
2437.30
-11828.57
10449.46
-8004.7
6255.69
5712.98
-925.79
744.71
-12021.89
10993.24
-8730.24
11388.20
-13579.34
2513.36
-11973.75
-813.19
-9226.40
12015.94
4735.27
-8322.84
-1780.84
-4722.51
-2906.66
4107.14
-8394.77
4078.19
3541.22
25.28
-12538.50
11192.25
-15733.44
-7750.3
-16027.31
14722.48
11635.15
4947.28
8557.22
2806.96
-8690.46
9623.22
14503.26
2336.82
3929.91
-15183.14
-10072.22
-12791.67
-374.66
1070.30
11387.60
12981.83
-7969.36
257.7
-8126.8
-13284.13
-566.48
9121.58
15986.70
-4147.41
-5865.32
-9706.55
-11045.52
-5388.15
7257.45
10187.87
14577.7
-7467.24
-15888.70
-14480.2
9670.43
7728.69
-2674.46
-15029.82
624.41
-14183.60
12679.87
-12320.53
-10458.79
3580.99
15435.15
10749.36
4010.65
-10736.89
5203.16
-6190.81
-719.91
14693.91
655.32
6178.61
-4112.26
244.34
-4705.48
840.81
9396.31
-2888.51
4757.88
6334.78
8347.96
1798.31
12808.81
-8358.27
-13856.49
5614.7
3676.9
-6295.38
16206.80
-7082.15
-13278.51
-8572.19
13210.75
78.3
-11375.9
-10822.17
14686.25
1839.28
-5724.95
11744.3
-5430.8
-6928.35
8805.77
-4349.36
11731.15
-5234.23
-7834.76
3864.6
1666.56
15065.50
-12392.68
8978.39
-8087.87
12933.19
5599.91
-8828.12
-6318.85
10546.65
15825.7
13300.48
8396.30
-12856.45
-11634.77
10412.75
2036.43
-14670.76
-5409.31
13656.73
-13512.97
-15323.34
-13716.0
9189.3
-11439.69
-1196.60
6410.94
-12827.31
-6036.67
-1536.20
-3496.30
3749.26
-14481.55
3274.97
-4917.72
2490.36
-10794.68
-6094.52
14383.61
-6037.23
-13978.88
-5965.11
11449.84
-8363.22
13934.76
-1683.3
-1110.52
9261.16
11729.22
11399.3
-9779.14
15518.40
-11926.89
15563.30
-747.73
3678.61
-10413.0
559.70
6531.47
-8085.18
15139.50
-9349.68
-13427.19
15233.35
-2425.52
10672.88
-7947.97
4084.19
3546.68
-57.53
-8046.55
-5166.47
-15984.24
-1532.33
-1208.22
16189.61
6534.56
7395.42
-3768.58
-8193.12
-14102.63
-7645.25
714.84
-499.79
3556.64
14731.94
-9331.26
-5076.76
13838.20
-5839.41
-16125.96
-9291.13
-12879.4
6891.94
10669.60
5631.6
9333.4
5758.60
439.87
-667.85
11311.64
4135.80
-14345.82
5628.23
6354.11
9002.43
7505.54
1061.27
6597.41
-1092.5
6571.82
4554.2
-9711.36
-12623.86
4373.53
179.18
14374.68
1601.80
13292.76
6350.30
-15417.58
1728.90
10441.44
9231.95
3743.83
-8483.24
15670.48
-5767.47
5639.27
14920.46
514.48
-1833.13
-11035.0
-14000.84
14693.37
6405.60
3714.18
8440.45
-351.1
-8117.42
12534.45
-2447.47
5678.46
-14998.49
-14179.42
2641.43
-3782.24
-8219.19
-13359.3
3707.4
-11366.23
6933.38
-1744.82
-11505.87
-1467.33
13989.89
12659.89
7343.23
14043.17
6854.12
7812.76
-8.6
-9291.69
-5466.22
11810.90
15337.8
10772.14
14387.1
4205.14
14534.0
2065.60
6294.36
12699.20
-8856.88
-149.70
-11466.24
-10362.77
-10463.72
-15655.50
-5581.27
6426.20
2627.42
8603.85
-3257.0
6436.70
-2614.42
14604.56
8838.47
-9101.67
-5741.69
13620.13
3465.4
-1274.61
-8246.84
11222.89
14882.83
-9008.81
-14201.35
-868.62
-14587.1
16173.33
2727.32
-6288.13
4542.14
6244.76
-13800.62
-11051.10
-15630.66
10164.94
6770.17
-1747.54
-2564.20
5213.44
-8392.25
11909.30
4887.21
-10879.44
-335.9
14858.47
-2199.26
-9383.55
-5214.95
-15728.2
15876.24
9112.79
1161.92
-1920.30
14951.29
3796.43
10278.46
-9730.84
-12935.1
10980.40
6404.31
10490.14
9516.32
12079.32
5555.73
2344.18
-11857.48
6869.71
15427.25
10369.93
-10649.99
-16084.17
-8671.7
-6023.51
13503.48
8476.53
-12137.72
-1131.27
12136.24
3017.36
-13123.8
-284.42
-11887.29
4885.89
-11669.78
-12219.28
-15023.89
-9261.33
-11606.48
-13981.95
3439.5
9529.43
-8031.49
10204.18
10277.12
870.17
15673.84
14638.78
14444.70
-843.48
-718.2
3874.19
-10951.76
15205.34
6897.10
10512.8
-517.15
-7.80
-965.28
14886.31
4872.52
-43.10
15293.24
-5882.49
10973.35
77.63
-13784.33
-10111.48
-5832.82
-14377.22
-2480.24
10927.78
12414.1
12365.68
-2554.15
14249.99
6029.28
13303.25
-113.19
-15211.79
-9296.18
-6602.44
1569.61
-16103.99
-7474.87
-8424.37
-5304.74
-1809.2
61.16
2991.87
-9375.89
-16195.3
589.33
2862.28
-13667.19
11968.23
-14676.85
-16382.73
-12104.53
-2736.59
-10058.74
11602.3
-8409.11
12339.44
528.1
-11473.4
13692.50
-11447.48
-2086.2
-14149.92
222.67
-9539.12
-2255.78
-10339.43
12315.76
-11938.31
-374.72
-15491.35
-8080.59
6139.20
14630.69
-4943.43
3629.87
10001.35
5210.47
12879.44
11359.55
2731.10
-13664.95
11796.78
-9068.96
1255.82
8016.50
4877.6
4460.81
-1714.65
-15302.17
-16168.20
-6457.97
-613.30
3797.45
-1928.97
-15780.34
-4483.31
-7026.69
-769.94
3041.13
-12353.66
-6597.12
-15746.46
-10275.82
6658.55
1164.49
9525.29
3021.97
13422.94
-4073.93
14055.57
8463.57
-10826.87
3213.5
212.79
12489.61
-16161.30
-6911.30
14190.61
-9366.91
-10011.83
9196.60
5070.92
9838.37
6879.25
11878.33
-10048.23
-10751.52
-2460.42
3766.83
16196.35
-8816.6
12226.51
-16353.47
-13684.7
12412.23
7628.19
10316.34
-5801.49
14159.5
-9025.55
4461.37
-4054.98
-15932.6
-12812.26
9141.40
-4011.45
13489.38
5920.85
12297.49
1453.7
-10863.37
-2481.91
2180.34
8116.78
-3955.98
-15197.59
16210.96
-9431.1
-2233.68
-6516.64
6525.70
-10406.0
13514.72
9883.13
-6591.16
-1526.23
13325.61
14843.42
-4398.51
2495.20
-12623.44
13052.34
-3247.10
15486.59
16118.43
-2757.3
-16094.75
-8236.11
15303.28
514.27
-1687.64
-16326.96
-6387.74
1380.28
-11832.4
4163.79
-6059.4
-14923.26
6671.24
12008.67
-3315.49
6746.77
13572.48
-1044.50
9795.35
-11638.74
8482.87
2807.99
2971.21
1649.53
-11519.29
9422.83
6503.30
-9917.81
-4676.76
-14211.56
12247.58
-15203.79
-9974.56
-13262.21
4270.51
-7266.43
-7872.44
-6221.97
-4664.36
6057.53
-16289.17
-4484.40
-15867.80
-13825.73
1375.42
-5026.6
-3383.55
9703.61
11175.65
10613.6
-1474.18
-8754.63
-11954.3
8983.26
8874.2
11817.46
1915.17
-14394.84
-9642.1
3751.68
6012.60
-2911.16
13449.5
-2642.26
-6320.93
-10928.25
13443.71
573.90
-10780.58
5250.26
-6649.42
-5120.20
-5882.91
1265.82
-10498.2
-9581.14
-9695.97
1519.87
8682.3
-12166.32
-8717.47
-11500.38
13314.74
7850.83
-1413.66
4170.36
9916.93
-10060.1
9781.65
-14812.78
-1404.4
-4731.71
-6899.81
-3515.17
1528.39
-5528.74
-2574.8
320.71
-2719.46
2409.23
-674.27
4302.66
2636.34
-5597.85
185.36
1910.62
15434.93
-6580.92
9829.35
15497.85
-405.78
237.6
15083.4
-9785.89
8028.49
9585.14
11260.17
-14721.38
3647.89
-9931.88
9695.93
-7194.9
7359.43
-13691.57
1958.52
10211.80
-618.71
87.83
-11284.43
13702.83
-7022.25
7036.0
-5712.74
15271.65
-8146.17
15299.32
-10858.24
-753.77
-1650.66
4764.36
425.98
-13514.8
-10853.62
-7256.51
12868.4
-671.32
-9343.41
13364.12
-14353.15
2484.35
-7518.66
-809.31
12132.54
13003.30
-15963.70
-4295.37
1851.54
-16373.16
-11421.83
14719.87
15864.77
10766.99
13644.64
-9119.90
4452.86
12834.42
13142.28
9836.36
4992.16
-141.7
9073.80
-7111.1
-13701.5
-11365.33
-2900.18
14790.17
-13886.65
-13260.78
-6945.61
-9549.11
9532.20
-1939.87
-5125.17
9661.72
-10423.61
-6863.57
1060.27
-801.67
7412.7
15340.18
-5662.48
-897.64
4968.37
-4275.12
-2614.8
10903.29
2271.56
-5441.54
698.91
-15595.6
-15289.97
-14035.22
-3707.24
4865.49
-10900.78
8343.8
9161.96
-5757.22
8822.68
15957.46
3717.70
7112.60
3013.11
11858.58
-1766.14
6116.78
16216.25
12596.36
-9565.15
-5072.94
2351.89
-15491.13
2964.61
-11737.91
-1018.89
-14040.2
-10667.9
-266.82
6837.89
-2651.83
15265.32
5582.20
-4813.91
12673.27
-3609.50
-10569.70
1814.12
1258.30
-13464.12
-15140.8
1123.91
-14669.48
794.80
12917.2
-7701.24
2877.18
16166.49
-4244.61
10798.19
11296.75
-7106.36
944.58
-3011.19
-8988.2
5806.87
-15219.33
3756.82
-3132.0
15943.41
-5169.86
11275.44
-3190.36
-13157.45
5270.72
-2510.91
13025.11
-7158.18
5735.98
-645.79
-6352.97
11767.86
-12406.52
-6681.48
-2129.22
-3246.47
-7751.17
-1861.49
7204.45
-879.43
-2720.22
13668.48
-7005.93
10897.88
-6792.65
-15370.43
14306.17
-5515.23
-12981.52
148.87
-3469.32
-5433.90
-14766.94
-3047.14
3659.3
12949.21
-12318.86
-496.64
4516.78
14595.8
-5736.52
9969.51
13381.41
5756.69
-1542.32
11325.63
12319.20
-5024.57
8435.23
-1361.15
-8524.33
10198.24
-10213.83
-13015.77
11014.5
-3037.5
11911.75
-15887.40
-4565.9
-8069.82
-7292.38
-10038.55
-4142.73
7556.82
8160.25
13589.45
5489.80
8282.42
9030.53
14491.62
12910.17
-963.42
846.50
-2192.42
-11689.76
-2783.45
10328.45
4045.39
-11604.15
11006.24
-15542.62
-4352.26
-8683.80
-3714.3
11244.92
-5898.3
14839.94
-4279.31
11650.16
-7928.2
-11190.40
9652.37
6496.38
12111.58
-4708.16
-13372.24
-2349.58
-12792.34
-14391.22
-9183.39
4806.93
-4473.46
-3643.90
-1608.22
15052.54
1337.98
-1895.35
-14306.81
-8466.5
-6455.92
-7791.43
-11702.92
10037.67
12659.37
-5002.30
5024.92
11594.11
5361.22
2506.50
-14889.87
-3003.52
-5299.97
-1893.69
-14973.78
488.93
-12274.70
-13414.22
291.24
-3495.67
12979.43
-11555.58
1325.77
-6839.9
-2176.3
180.22
3096.61
-1360.38
7693.91
3348.60
1146.46
3187.48
7503.50
-4942.45
12461.37
-13977.83
949.99
8493.18
-9109.98
4218.6
808.7
8809.75
-1920.53
-13933.88
15306.49
-36.31
-1166.79
28.34
-14252.62
12205.63
13919.92
-6495.60
-11107.56
9480.9
315.37
1360.76
9299.20
-1039.92
-8360.63
4704.41
15506.48
-4780.84
-15770.74
2397.50
11709.77
-2674.36
-4126.5
-3566.11
15684.29
-3551.56
-3232.83
16275.30
11636.26
3627.23
2312.49
-1472.18
-9460.18
2833.39
-7115.39
14614.82
-12580.75
6267.86
-15221.57
-171.89
-8094.84
-4959.14
166.46
-1784.4
-11492.10
-14941.24
4808.68
2753.49
-7888.59
11874.42
-8860.6
-6668.12
-6657.78
-11355.7
12084.12
11583.90
-13075.79
5529.80
-8541.19
-7521.53
-9189.8
6544.83
9504.35
-4704.71
11696.38
-5119.60
-7697.71
-5809.70
4784.40
-1598.41
12063.37
-5635.88
-4765.29
-10502.93
1639.62
10810.64
15728.38
1346.54
5639.49
-7488.74
9588.38
645.74
-9392.17
-4205.40
5936.65
10526.27
6342.80
-5328.88
9972.78
-5920.44
8179.8
9118.29
-8399.99
1614.75
9316.88
-5821.24
14636.59
10942.63
6780.55
-12796.62
-10799.18
14385.59
11015.78
-13971.17
8022.54
-8096.30
6152.29
-159.90
9029.58
-5071.72
-2950.32
-170.78
14990.26
-2021.39
1212.9
-7657.67
-14387.25
6966.63
-9180.69
-87.25
-15167.2
-3873.77
4175.41
2006.44
3547.15
-865.88
9071.86
-16145.0
-15724.18
-14328.72
-2452.76
-8803.26
13418.35
-1475.12
10743.37
5292.55
-7597.74
11461.57
6231.57
2679.58
11985.47
-1663.78
12483.91
-3325.40
12129.35
-15181.74
15547.23
618.22
12913.12
10606.31
16167.79
7378.20
12832.82
-2484.99
9616.64
8497.57
10392.92
1855.40
2577.13
-7611.21
-11194.65
10699.27
15915.29
8389.36
9262.96
-11304.51
9005.5
-12084.14
14111.33
10119.22
-11181.8
-12484.74
9400.35
-16227.94
-8202.83
-9559.2
1232.11
-11304.84
-13203.55
-9061.17
2876.59
-14534.30
13433.76
-3146.27
-7573.0
-8590.97
-13791.80
14288.3
-4917.24
6949.82
12231.5
-2131.70
3676.25
-9140.80
12547.71
-15645.94
5261.86
9653.74
14575.39
15665.66
-1865.36
8391.38
-16323.60
6939.42
-4101.41
-14553.59
16178.71
-7147.19
5491.89
-6521.83
2878.8
-9256.28
11716.69
-749.78
2647.54
-4172.15
3848.13
-6121.12
-9819.59
12223.67
1133.11
1236.57
4760.56
6023.89
-7192.93
-7803.14
1780.65
12308.49
-10915.56
1183.1
5445.97
-1470.10
-10717.51
4267.4
-4271.8
-3807.67
6775.43
-1619.88
-6097.51
-15901.20
5369.98
-1498.58
4803.86
-5029.59
-11390.81
-2021.47
-5767.99
-4791.27
4361.53
12564.37
-12082.21
-15986.68
-4316.15
6354.69
-11823.12
-13251.85
-8445.68
14013.92
-9150.18
-10055.23
14417.90
-11479.72
-11591.77
-2046.22
-5898.93
-8465.3
11135.72
-14093.85
5706.97
-2558.38
16157.48
3810.65
-3798.54
-9866.56
-13894.36
-5757.83
-16128.1
-12775.74
-4314.88
14312.41
11883.14
6975.17
9055.5
14834.67
10668.69
2811.53
15772.65
-8565.91
-38.44
-9821.45
-5975.69
-7268.40
8792.56
-848.55
14950.54
12435.94
8510.2
-8650.54
14673.38
15475.33
11588.77
9932.17
-8587.16
-9127.45
8238.18
1079.98
3748.1
3128.0
16092.56
-10021.60
-13051.24
-1887.81
-12709.99
-14587.87
10893.48
14099.17
-9114.89
-3431.68
5121.97
-7878.56
3415.66
2443.55
4673.40
-199.47
15698.80
5509.57
12049.87
8892.86
6163.66
7820.66
3481.11
-10937.39
8493.35
2070.78
-8624.97
-3912.2
8172.9
-15573.95
-10243.21
-9856.48
10695.98
-14238.71
-5158.80
-13819.42
1707.47
7026.32
-3994.88
6842.90
14297.78
-14579.60
158.1
6097.17
-11413.29
5637.44
-15549.40
-8375.79
-11859.80
13122.85
-9060.50
-1979.17
-3818.50
5576.23
4289.18
368.23
-16207.95
-10587.7
-1413.29
2722.5
-1274.21
-9091.80
-662.23
-13592.95
11367.84
-8181.3
-37.81
-5500.11
11255.86
-1383.25
4080.10
3937.35
-10775.32
12871.67
-2928.28
-1.16
5958.74
-11809.58
8041.65
-11261.18
-6562.22
-3712.93
11705.20
-15259.83
-15135.61
7197.29
1828.38
13449.21
-14262.58
-6244.69
-14613.43
3746.46
-8708.53
15799.81
3458.52
-16313.75
3312.93
-8677.51
-12692.67
-14735.56
6645.84
-11807.15
8230.61
-11924.4
6138.63
7948.38
12566.24
-12202.45
-6249.18
-6422.75
14300.16
8206.89
-9482.18
16169.93
-4191.38
-10967.85
4846.54
-10817.48
2801.95
12641.73
-12474.2
-7102.19
-6006.27
14762.31
10075.65
9606.54
-854.96
12566.88
7305.31
10372.85
14110.65
13138.8
7746.89
-7260.54
-5131.1
944.76
-7277.58
-11628.30
7755.38
13654.51
-5905.53
-434.49
10143.97
11937.50
-13914.99
-2611.69
-5705.59
8663.63
-11587.39
8922.29
-14300.48
10053.56
1381.84
-1389.82
-2558.83
2543.75
14267.63
3052.17
1403.45
8014.75
-12795.44
9141.53
3913.11
6891.66
-11417.88
11442.76
2229.31
744.67
-1940.4
8432.14
-10495.86
9244.39
-8718.43
-3844.63
868.73
-735.87
-5138.51
205.8
8037.45
-3375.28
3261.7
-157.74
-7618.93
-14438.39
-12736.60
-7247.94
-1105.49
10278.62
10116.80
14605.12
-10252.36
11824.34
3195.90
-14380.93
-13027.89
-7900.26
10515.48
11270.63
-7974.59
-9135.32
15061.85
-635.40
7823.24
13151.7
8170.91
-15217.30
-9558.97
-5992.34
-5710.18
1469.56
3563.33
-15084.51
-8083.33
2860.29
-15579.93
-3148.87
-5676.45
14106.51
14433.0
12371.60
-14123.15
10566.17
7740.95
-1313.73
12962.85
-1679.88
-7329.10
13867.92
-7504.57
-5469.3
-3791.44
2863.49
-4761.91
-6305.52
-2858.6
1888.28
-8104.60
12253.24
-6032.14
-1568.3
-3985.43
994.36
-8996.29
13238.74
13121.98
12027.93
-3297.10
-9567.52
-13940.82
8506.57
10682.27
801.7
13780.29
1410.85
202.45
-15563.13
-15717.61
1835.20
4574.49
1374.40
7819.18
3095.96
-9113.51
7923.52
15898.92
-3665.87
3330.21
8621.62
-8839.16
1345.2
6795.23
10108.3
3642.25
6673.76
-15508.49
-8130.32
-978.30
-14895.0
8386.52
-7864.86
15752.41
11706.93
-15195.54
7896.94
10710.38
-11447.55
1661.18
-8434.11
-8170.20
5021.30
-14172.34
10484.92
-4537.98
-13760.65
7016.10
-15265.30
-16017.90
1319.75
7525.76
-5203.27
-2962.95
-10939.80
1528.54
-2518.20
9262.73
5251.31
8899.68
526.97
5854.89
-8828.13
3310.36
10434.67
10553.14
-9365.76
-11436.47
-3832.47
6490.90
-11269.37
3018.38
-1368.7
13740.58
-5939.19
-10647.95
-13784.61
2555.54
11100.29
10708.97
-582.47
15241.80
4942.80
11379.3
-11812.99
5042.68
-4067.82
15357.79
15705.29
10344.95
12744.79
-12405.21
-4719.32
8005.65
1357.7
265.33
8114.48
-4684.78
11257.77
10915.8
-8402.50
-9351.48
-8764.89
13485.2
-3082.8
5111.92
12512.70
-2252.5
-6866.39
1549.33
14700.9
-7399.91
9009.10
2175.73
-2239.91
429.54
15950.76
10073.31
6952.99
-7829.56
1250.67
10322.55
3795.27
6558.92
-1171.18
12217.86
8445.2
-456.75
-5961.73
5972.94
9695.92
8376.16
2816.10
-13777.36
-15344.73
1735.14
12872.46
1618.70
11448.44
13884.20
-13688.80
-11931.16
-4924.47
9070.60
7683.50
5601.19
10064.86
-3141.8
2485.15
-13615.76
-9354.42
-7599.64
8230.92
-14369.48
-5449.96
-5520.68
9554.32
11496.24
-11207.35
6341.50
15994.36
14140.14
13186.81
-3614.74
16232.10
-14141.2
-14063.82
11765.79
-5689.4
4177.65
14874.77
6710.42
14558.86
7073.25
-10938.30
1961.3
3157.37
-15394.71
8966.78
12779.22
8629.61
-11020.52
-15743.89
-977.18
-11283.73
4175.63
4001.85
-11724.4
-12982.34
-12702.91
6075.98
13518.53
12389.54
2088.13
-12108.64
-4251.84
13622.10
8616.22
415.23
11671.31
8313.13
11747.95
-9240.85
-4382.10
14703.36
6287.42
7672.42
14007.44
-10893.75
-12646.22
-11549.2
-2953.71
16026.25
-12201.10
7289.26
-1753.53
-2418.20
15401.37
-793.37
2340.16
2446.95
-379.0
15853.12
9722.70
3937.34
1643.35
1828.0
-7471.20
169.4
5544.84
-13890.69
15942.57
-15351.64
-8253.48
15967.22
12817.93
-3555.68
11529.53
-10794.69
-12721.63
10888.75
-8400.16
-15625.18
8496.33
1279.28
1672.9
571.1
-1828.3
11304.84
8082.21
-9618.67
-3212.78
10570.71
169.13
-5380.14
15841.36
-5710.1
12465.79
-221.32
-12145.14
-8059.54
-6508.88
-10264.29
-12499.74
7824.92
-8992.52
5631.43
-418.86
16322.49
15435.31
-290.60
-10836.20
12999.2
-2690.68
-3952.21
953.4
-8192.27
8233.96
-1549.37
-3545.23
-669.79
12301.59
-5973.42
-2804.14
11619.70
13227.66
14836.76
-9689.35
-2797.86
12962.99
12571.13
6300.4
-2769.85
10647.30
-5170.29
7573.27
3484.35
4359.85
9061.95
-2393.5
11921.4
5026.5
9252.21
-204.60
-3809.46
-15875.1
-6472.47
8614.35
15456.87
-13589.98
9714.30
5402.67
5551.85
11679.29
-11087.19
11481.2
1363.18
3005.90
15279.60
-7297.1
-6428.55
2190.29
9737.60
611.21
4627.96
-10516.57
13881.52
-5420.36
198.78
13635.99
-8817.65
-8565.86
-392.76
-9745.36
10080.40
-5318.56
-15446.28
-4044.21
120.99
1215.25
6252.48
-12439.41
12175.94
-15922.95
15578.53
-15978.10
-16119.59
-12642.71
-13454.88
12553.16
-10467.14
10681.88
-9522.17
3763.79
10795.67
-11997.77
-9607.22
12299.91
10618.46
-12202.18
-8949.20
-2130.18
-5563.38
10784.49
-12931.38
2866.86
-10925.53
15718.86
12877.11
-14026.60
-5193.99
-2095.84
9983.84
-10952.19
-9198.76
-12702.99
-14301.83
-15973.49
1334.87
-8038.26
-2346.43
-959.82
2558.2
-6203.97
-14620.35
4024.61
-5295.23
11363.31
10068.88
-7622.42
5590.52
-1128.5
16106.95
-4810.71
9259.48
-9037.9
15105.46
7889.79
14729.54
8050.26
236.41
-15251.29
-4573.12
265.23
8514.17
4804.61
9960.66
-15013.45
2236.58
-7769.70
-12817.76
-13185.55
-6430.34
15438.23
-19.38
5473.87
-943.85
3749.34
16264.61
2162.84
7903.11
5214.48
-12508.8
-14154.76
-990.1
6522.35
-4156.77
-4018.31
6334.91
-7705.71
9823.24
13699.70
-2235.28
-4403.44
3824.2
-15226.1
12994.74
-3402.44
-1608.49
11105.82
-13677.38
-8950.88
-6946.67
-6204.54
-4701.86
-3843.34
-975.12
4400.99
-11672.51
-9133.57
8930.59
-12368.20
-5435.70
3671.74
6122.2
-1711.54
7851.81
11196.77
1575.22
-15272.90
-16141.90
-13868.95
4963.74
12477.40
-13581.70
3724.26
16038.65
11322.20
-10075.21
-7578.14
-12470.78
5574.61
-3701.34
10417.75
-7440.20
-1754.34
2726.50
-12182.89
-15534.77
-4250.77
-16075.1
10669.25
772.59
-5764.58
6700.60
-71.50
-3037.4
-8891.28
-16129.85
-341.54
892.31
-15196.51
-16230.13
-10539.45
11576.44
9630.69
13334.51
6069.26
8149.38
-8480.72
-7747.79
-2878.71
13454.74
-9691.25
-175.70
-12432.20
11875.28
-6319.79
-6566.23
-5819.11
-728.49
12938.46
11930.4
-10275.16
5514.89
-13470.79
1332.41
-11652.94
-14837.33
-4602.68
4177.66
-15922.34
-10897.88
12237.90
-2307.94
7762.1
1429.76
-3958.31
9029.63
8731.92
-4242.61
-15834.42
6.92
-10870.50
11458.59
10985.34
-16124.57
5473.58
-2371.25
-11389.82
2379.83
6798.80
5771.29
-15245.58
2228.80
3550.52
7552.61
6716.70
15098.52
-12604.12
7800.16
12190.68
7384.39
4673.29
565.3
5719.75
-6493.25
-3912.82
4158.88
2806.3
12534.69
-4077.62
16073.65
-4344.89
3623.34
1183.67
14145.50
-8845.89
8310.52
1095.5
9095.4
6055.42
-625.67
-9970.33
-5498.32
-3585.77
409.67
-14642.88
-11638.59
-15911.59
7001.4
2997.31
-14100.71
10513.97
-9469.70
-6061.54
-15696.50
-13383.53
2202.66
-9348.21
4626.13
-10084.49
-14562.65
7306.81
15201.57
10712.48
-2404.83
14950.38
-15426.10
-3728.0
-9268.94
8711.13
16354.56
-1441.25
16228.7
14936.22
15816.92
13116.90
-5359.79
9651.92
5787.64
15089.52
-11000.91
87.80
-16257.92
2149.20
2932.20
7962.73
13728.64
-15819.46
3578.23
-6848.20
-11460.14
-9448.7
4843.84
1912.73
7297.32
-15069.83
-1275.73
4586.75
-11028.31
-5675.28
4215.90
3090.8
12980.54
2329.41
10003.91
-497.29
2555.37
286.49
-92.70
3681.9
-5196.46
-5379.68
12496.81
15524.31
-1513.86
3461.90
3517.76
4777.54
-16196.43
3619.47
15639.69
10763.35
6704.31
-7784.87
-5942.92
4710.99
10657.29
-15738.41
-12495.66
-421.42
5633.65
-2231.26
8533.96
-13881.77
5158.32
7395.64
-8274.45
11468.20
10770.68
13910.97
143.68
-1697.50
-4336.8
2247.54
8052.96
-11232.98
15807.5
-14636.51
-11230.41
6781.50
-628.84
6609.71
13560.38
-5399.76
4984.53
-7470.74
11599.23
-1631.27
5825.99
-12166.81
-8801.87
10537.85
4159.62
2590.48
-1837.62
12080.59
6843.36
-10665.28
-9329.45
-3980.41
-12556.94
7664.24
-4540.4
-14109.74
-452.95
-16246.15
-9290.0
4826.35
-12019.80
-5038.39
-7479.24
3059.20
-1937.47
6814.74
-2790.9
-15743.76
14088.80
-10505.41
4444.21
-13815.17
-14142.73
5458.52
9756.85
7342.33
476.65
-958.67
6321.41
3868.9
-911.41
14429.58
8695.80
-11941.91
13080.4
6451.71
826.33
6635.73
-1040.4
2719.24
-7875.82
8688.8
-2146.9
4617.57
-15316.95
-2393.14
10411.6
-1317.79
5125.45
1821.52
-2929.38
-13306.34
13015.68
-6034.56
-1910.5
1879.73
-2726.39
-6130.1
-10807.6
-5963.54
-5380.20
8030.96
3585.18
-15010.11
-11282.12
-15799.52
-2716.47
-2133.11
-3139.97
-7797.24
-12764.77
2087.4
-5305.68
-13320.25
-10451.86
-1912.22
-11348.90
-12859.81
2296.87
2299.86
-982.13
3515.81
8932.42
-8493.33
-15019.4
-7942.99
-7598.81
4166.37
-2184.72
-2914.48
-11582.9
-7816.68
16329.12
-5131.73
4827.47
14648.41
-2453.0
4110.9
-11387.47
-2052.51
16096.68
5732.85
-10714.83
-5005.50
9639.2
15589.38
11019.46
9522.62
-6705.38
-7034.54
-7110.46
-1127.2
7271.22
-1120.44
7458.23
7156.34
7900.35
-14240.64
8529.15
-1742.94
6309.62
10869.87
-11602.49
6352.7
1648.10
8871.30
41.73
12083.97
-7514.91
-4005.10
16184.62
-11831.64
-1466.18
3369.28
-824.30
-7591.82
-2972.18
7774.30
-12419.4
-15354.20
293.18
-9148.89
-13458.26
-7577.64
13910.32
15961.44
6383.70
-3954.43
15064.37
9469.75
4773.44
7223.78
-15926.18
-8634.40
-7474.64
-6302.14
435.94
-10950.75
-5127.62
15562.64
-8306.47
-125.86
-12446.8
10459.45
11112.75
2764.34
8949.93
-12445.23
6438.32
13334.93
1145.63
9030.87
-14082.93
-5462.75
-7297.25
-6513.25
8875.49
4189.86
-9024.14
9368.77
5299.84
9579.38
7889.22
-8982.44
13886.97
-7617.55
-7244.96
-15232.83
-10390.93
-13138.0
-1300.61
15793.76
68.45
-4515.32
10939.67
-14417.15
4762.31
-15098.33
12530.26
-2220.40
10485.64
-14553.23
-8410.23
14320.17
1188.8
-6861.37
-15733.42
12539.11
-6379.15
-15568.39
1645.11
-13911.93
-5625.91
13705.60
-3336.90
5705.80
-4902.77
891.16
-10163.33
9959.48
-4573.18
-14946.23
6025.57
12804.89
490.59
-4757.42
4527.51
-3769.92
11504.66
1267.12
-15417.92
8046.56
-15432.34
12670.67
-6156.3
-14176.54
14966.16
11885.72
-7335.52
-15795.55
-14617.71
-1928.35
3810.89
-12009.13
7358.62
-3696.17
4733.90
7513.15
-1109.14
2886.99
-3515.15
-2904.25
-1754.6
12249.58
-14901.34
7412.15
-16213.90
8391.8
-14448.24
4231.93
8811.80
13947.69
-5310.36
14430.10
5502.3
-13368.38
11194.96
-15794.36
13797.80
3422.59
-12489.54
12932.12
-11470.58
-7667.46
8268.31
-11539.35
-9193.99
-2074.74
9560.38
-1738.48
5559.31
6266.77
11825.82
-14090.57
11418.80
14685.30
15841.15
-1893.80
-10994.40
-7837.44
-14723.11
6220.48
-12166.42
-13846.16
-11613.52
-3549.43
12821.91
13774.93
-4117.43
-15512.85
8263.23
-7738.73
8414.21
6597.89
5321.93
631.12
-23.84
-709.39
-566.23
-2631.7
8248.9
-5038.50
14964.55
-717.98
4416.59
-15865.55
-10670.50
-14432.14
-5760.77
15481.43
-15653.75
14469.66
-6285.99
9558.55
15425.33
-2786.63
5165.7
6396.79
-494.55
-2378.85
-400.37
11919.45
-13668.54
-13263.60
4968.58
-13794.18
4325.73
-14204.45
-4485.82
-595.36
7474.89
-950.68
9888.25
10798.98
-1188.24
-12854.98
-1057.54
-386.31
-10624.26
8122.64
15710.29
-1793.81
6703.60
15306.21
-2199.79
992.51
6106.39
-6453.39
6340.83
13774.75
6599.98
13013.27
13599.96
-5397.73
13114.84
16153.52
-674.21
15501.61
14438.29
-14923.6
16355.82
9070.74
-4360.87
12619.14
-16301.32
9818.11
-8985.34
-8799.29
15761.13
-14214.64
-10063.87
-7026.21
11045.24
-1068.1
9517.56
-14958.3
-2027.38
5646.95
6158.2
-13920.6
187.97
-5243.92
3031.49
15507.60
11420.8
9967.0
14175.82
-2430.96
9278.10
-4419.72
-16287.26
-16135.21
-15519.68
-347.26
15477.26
-12873.35
13990.23
1353.29
-12002.56
9148.17
-15198.59
12111.34
-10134.55
-885.29
-2541.90
-5724.38
-5878.36
6035.35
-5590.73
13238.33
5714.52
-1913.51
8787.64
1990.81
13754.54
6835.0
-10255.15
6073.68
11312.90
-5431.8
6687.6
-891.47
8719.97
-13993.29
-2905.40
4727.33
-4732.8
-3264.37
-2563.47
-2037.13
-3069.62
10826.34
-11617.93
10739.46
-7849.54
764.64
311.67
-14795.59
9953.68
-2687.94
7026.58
1752.14
-6845.9
12123.24
-4288.37
-10198.17
-8224.61
3367.57
-14533.40
14350.68
-16261.18
11429.69
-15063.30
14987.14
9999.26
5860.28
-3258.52
711.59
2948.27
12172.35
15353.82
-10700.21
-14905.86
10431.39
-13226.39
8988.31
-3755.53
11233.43
-11293.95
2176.83
-14002.67
-12336.89
-10786.42
15531.32
7218.70
-3724.91
10023.48
14374.90
-9890.40
895.10
-6188.88
-11065.88
12040.38
-5273.32
-8372.78
-10438.41
13452.20
8581.30
9167.2
-1897.40
5931.84
-14712.66
889.59
-14877.79
-11777.93
8596.88
15287.41
11383.82
-8638.69
6116.48
-13444.98
-7885.92
9293.3
5810.79
2723.85
-6209.21
-16063.45
6293.36
-3470.43
-3574.9
4698.92
-9205.38
14026.18
12159.51
14554.95
8283.45
4547.5
12070.43
7491.71
4744.33
-11769.87
6893.48
-5329.42
-5282.9
-1860.5
-15038.63
13547.77
1760.57
3140.63
-15435.53
-11302.20
-14429.34
-9376.61
-10423.81
-12065.16
3592.59
11297.75
-13729.85
-9507.38
-14174.59
-2691.60
-2191.46
-12804.78
4491.23
-13431.79
-4594.13
-12195.86
14006.23
-5024.44
9985.6
10325.5
12522.82
2914.10
11532.13
1142.2
-12692.89
-494.87
-8409.74
10672.96
-6901.68
-11676.42
-7821.29
-7856.51
-13012.20
13940.16
14007.16
12314.49
-1984.96
3297.75
-5370.95
-13792.73
5245.12
11735.24
-13195.14
-1771.66
10358.49
-7772.91
3542.77
2634.40
6465.5
1110.46
-877.90
-6575.97
-8702.90
-12256.97
8366.38
7913.63
13391.44
-3866.59
-2990.14
-10659.48
-2222.57
-13206.99
-14015.41
6266.96
15925.54
13141.42
13101.22
-11578.23
9160.14
-12483.4
-7651.75
-2359.52
7990.21
-6485.70
-13443.0
8008.57
-11755.60
15055.6
14181.58
9347.64
-2366.89
-10279.52
-10003.58
9205.75
15449.55
9139.27
-5911.71
-5666.2
-16108.90
-6459.41
15984.37
-11796.83
-11378.51
-4879.49
9666.87
-1211.3
-3529.86
7766.72
2872.54
774.52
-8678.61
-1269.67
11528.46
-2664.6
12379.82
-2404.53
-3188.7
-12017.67
-7385.67
15503.20
-1095.29
15794.55
6802.12
-3304.86
16270.66
8489.52
-590.24
-7928.32
5402.26
5778.96
3834.95
-16261.4
-9702.47
-956.88
-13510.69
165.40
-12290.13
-8274.52
-8144.59
-8458.12
-11172.37
12007.29
10294.40
-7931.69
8883.98
6406.54
-8657.6
13740.83
-2123.40
11904.13
-7545.57
-2671.52
-10826.44
-10068.19
-11986.59
15106.40
367.16
-4018.96
-15895.36
-16085.27
-15718.45
2360.68
-1871.80
13301.3
204.70
-4517.20
6809.59
-13372.91
-10514.38
755.57
-3291.79
12746.29
-14483.67
-12072.73
-7504.75
9232.34
-12139.16
3590.82
-1504.24
15251.91
10775.14
-10595.92
-11013.43
4753.36
-2353.51
13159.57
16260.56
-12416.84
-5966.0
12655.27
-2750.62
4703.96
2250.47
-13881.74
-3032.51
-7923.6
9592.59
2540.91
6892.15
15368.2
-645.3
6253.46
-5464.18
10613.11
-14602.87
15682.67
5785.69
10064.38
-9856.90
-7612.66
-10700.78
-998.83
-5670.52
4820.35
-12322.84
3469.22
14948.59
-9526.68
15805.59
1078.29
-9172.89
10.50
10164.61
2424.66
10694.95
14199.6
4004.88
-8166.29
2335.71
-13286.75
8685.56
509.48
6829.10
-1989.67
-6849.31
-6947.52
-12951.20
4367.62
-13945.21
14883.47
7921.56
3260.83
6963.76
-15820.2
-892.69
-14657.29
-10524.60
-8929.75
6186.98
-6731.41
-16323.39
1061.75
15011.41
4270.90
995.44
-14726.72
-6424.64
-5042.95
13764.33
128.76
-2384.62
644.10
-14890.93
4687.35
4969.38
1962.85
-11342.55
3602.79
-13695.24
9082.86
3531.56
-12773.14
2023.90
1145.55
-15841.46
-10535.68
13705.64
16048.83
-4164.54
2835.29
11938.84
4331.78
7048.7
-2689.78
9527.7
2163.86
-1423.70
14361.5
10307.31
16089.85
-5543.70
-3675.77
12332.13
6406.80
-12281.13
-10778.41
-15729.96
-9680.4
-3619.34
10877.6
-4171.89
-6853.71
11544.35
-1718.70
4806.21
10302.7
7717.99
16203.0
-8907.72
2626.80
15645.63
4382.90
-10823.91
-16304.39
12681.11
-5734.15
-8891.86
-8372.97
2301.31
-9205.33
14952.48
6136.91
1081.16
8430.90
-13157.47
2178.78
-3440.56
386.95
-14362.96
8902.93
-9699.71
-12188.63
-1383.88
-5537.89
13250.89
10094.54
-16356.87
1461.45
-7415.91
7946.37
2829.80
-742.16
-12609.17
-5936.25
12985.41
-3190.75
-12161.26
-5509.55
5288.64
-509.15
-15869.4
-11146.65
-11493.96
-5104.13
-15856.43
-9299.82
-11358.1
12148.0
14499.40
-3942.77
-13562.33
-6331.89
-12975.10
5357.96
-3972.97
2265.33
-2959.41
-12947.67
-7165.54
5847.48
16182.81
-13795.32
14883.88
-6290.37
-14136.85
8327.25
11449.84
12761.15
4673.81
-12457.93
-6246.8
-13940.63
-3053.91
-12266.85
11456.85
10447.40
-4163.0
-9215.29
9800.85
3225.28
-10627.7
-10774.87
4137.12
-14093.91
-8947.90
47.38
9116.79
-12024.93
-13077.5
6964.32
-10013.93
-2008.15
-8126.99
15691.31
-13780.0
9972.89
-16116.91
-1069.41
-9264.0
-9197.87
-9041.21
12689.82
12097.1
-7679.35
-11848.89
-11905.33
-4789.93
-11628.77
-11499.39
11812.3
-2579.61
-11887.3
6710.94
10847.74
-14935.18
12925.58
5237.61
3222.63
-9054.15
4725.92
14367.15
-12922.2
11314.67
-1914.3
8311.49
2103.18
-12724.58
-1294.74
-5700.65
-8319.80
15530.17
-7308.89
6651.35
-7898.22
-14994.89
7387.18
4670.42
-5132.20
8899.8
-8622.61
4548.73
2855.82
-4366.79
6852.21
5637.79
-12576.36
-3948.3
1706.58
5984.38
-11129.32
4782.49
-10271.71
-9472.35
5377.42
-10128.66
-4642.70
-168.86
-12915.67
-5057.40
-15170.47
-5306.53
12059.91
5144.5
7150.10
-14946.80
15009.17
14283.50
4712.58
2074.96
8971.94
6532.38
-7324.30
13465.50
15603.11
-15854.54
6991.6
16090.2
-15703.46
-10451.99
8414.91
7780.39
9947.31
-3416.11
5014.61
-10197.7
-8175.42
1800.13
1673.25
46.53
4617.4
-623.21
15697.37
-2006.75
13634.2
-904.33
-6187.67
-9800.43
-10307.78
-9836.34
-14660.96
13195.61
2154.62
-7183.22
9273.29
-7180.55
6265.99
-15556.33
12023.68
1330.83
-13787.94
3706.98
773.21
-1743.96
-9523.18
543.12
13987.74
4714.49
5364.92
11439.74
-2187.69
-15415.93
-14685.5
-15031.66
-1828.98
10494.84
-2679.9
13754.98
-2145.21
9902.5
3299.93
14154.70
-8166.6
-14050.25
2043.89
-15350.68
-3003.80
7693.62
-5596.85
5009.81
15883.23
-4587.74
13239.57
-13882.49
632.92
9413.28
5323.16
-8719.31
-214.3
15017.65
1468.12
11664.28
-10543.61
-10423.42
-9249.75
-67.16
11900.12
13299.42
13503.11
272.17
11417.60
-10558.72
10932.73
-11293.2
-12584.9
1302.80
-2855.79
5449.79
-8093.64
-9403.47
7980.48
11298.76
-10236.95
7197.43
2225.58
-16117.80
12153.16
-4700.8
-10848.93
7860.35
4362.59
-12914.98
13705.84
-14871.83
-903.36
-3039.69
830.67
8584.84
-12045.80
-2063.58
-5151.69
-9132.96
9758.52
-14668.21
-10315.86
2826.14
-5236.86
8664.80
9411.77
4417.74
-12170.23
13268.18
10197.32
415.70
-3617.41
-13167.57
14492.38
11041.14
-3101.28
-5561.67
-15723.63
-14386.43
-4561.20
10069.18
1064.97
8494.92
13127.58
-13839.67
6725.49
8455.87
-7468.53
-9996.22
13313.41
16115.52
-12398.5
-10467.15
-5725.38
9756.12
-5420.80
-7796.94
-7780.28
-12751.10
5971.69
-10161.41
-14364.73
9456.27
15592.22
-4574.3
14427.96
-6051.92
85.2
11452.96
-8245.89
-10567.35
12267.77
-10264.65
9730.72
12029.87
-5971.77
-14070.52
-9384.2
8364.53
12461.47
6835.96
-7784.2
-3660.76
14406.66
45.23
-4818.38
-12894.83
-5888.30
6057.29
-12066.13
-13473.62
-7023.92
-9968.48
14306.89
10850.98
-9010.46
2660.58
-10659.66
-8109.20
14167.11
906.14
-11159.28
-15872.15
-1075.1
4748.10
12314.96
-314.23
-12931.76
-5745.20
-10190.49
10326.24
8694.29
-11423.77
-6696.58
-11652.84
-2927.23
-6193.24
14422.60
-1004.80
15406.71
13954.52
-11162.32
5094.23
-6531.57
-518.91
-15553.89
-8676.75
-4067.89
-9050.98
8587.7
12237.98
9095.47
-5970.60
333.79
-955.81
15515.2
16087.3
-2450.85
-13161.67
5481.77
-6950.60
-10213.54
1959.72
12146.43
11309.94
-3848.91
-8380.38
8049.93
15701.3
13192.52
-14843.22
3226.55
13367.35
5486.55
11041.13
-14744.78
-10648.56
-3976.7
11518.93
13608.99
-14460.56
-16007.95
11896.40
11190.24
-12216.89
6526.62
-7414.22
-12536.45
5563.32
-9131.25
11982.6
-7081.31
-2056.41
1391.72
4335.16
5582.22
-9296.17
8903.5
-4414.51
6427.60
15163.44
8654.90
517.68
7012.97
-760.34
1386.55
13584.51
-10665.54
13873.73
-15716.66
13693.18
10029.11
5233.90
8248.60
3215.68
5193.51
-11461.0
-4308.0
14158.58
1604.33
15969.40
-12931.28
8622.74
-15410.59
-3628.93
4044.67
-7057.10
14866.52
30.57
15538.63
11146.93
-5130.78
-2406.18
-12616.54
-3955.35
-14821.33
-5231.20
-11179.2
15272.96
9203.76
1355.98
-8929.84
-11106.58
12736.80
-1754.16
3728.23
7788.22
-6866.6
6745.70
-14405.44
2153.80
3892.1
-7526.59
-11837.29
-5150.17
8287.28
12651.85
1893.25
-7686.16
7203.87
12184.70
-15354.96
-368.49
-3563.55
-13793.40
-10150.64
-3286.83
9104.18
-4476.24
11132.15
-2014.16
-14780.60
875.5
-2174.15
5228.86
7114.17
-9091.95
-696.98
11813.81
-4681.67
-11160.14
-12281.82
-13862.41
-3327.38
7711.7
-14685.73
-13507.42
-12765.34
2507.20
14236.94
4305.33
-5636.97
-6595.41
12946.60
10124.23
-2795.16
9850.70
12764.46
14147.45
-1844.98
15370.66
-2327.70
2103.14
5443.55
-12736.9
9526.20
15271.58
-10734.89
-14655.68
251.27
-8363.17
16190.84
-14611.16
-7987.33
11612.11
12905.44
-11715.10
-2147.31
12787.79
15127.78
1234.98
10364.75
-7852.51
5970.38
11827.17
14967.93
-3001.74
-1866.9
-2651.58
-8862.44
3099.71
-15564.38
4978.42
-2640.48
13264.58
-3909.72
-3787.68
700.71
6336.67
-12485.61
4653.69
-4208.93
1193.11
14240.53
11550.65
4936.98
-8971.30
-11551.45
10733.28
1574.38
-10630.56
651.30
9570.46
3155.9
6887.38
-116.40
-7551.61
13898.23
-12733.14
-9587.83
2441.54
3385.22
-8782.49
-12959.91
-10306.97
-6503.39
13439.51
-5311.70
9764.36
14966.36
16007.60
-5645.0
10442.15
13072.12
7039.87
-5401.38
4155.60
-5170.73
-16289.7
-786.88
-15586.15
10227.55
-10361.90
-15452.87
-14865.61
6818.52
4594.20
-2203.52
15424.70
14978.10
-4634.77
-11297.53
6583.62
-8221.77
1108.61
-7302.45
-8360.20
12027.58
-14054.37
6749.18
182.42
7047.7
-11479.25
15191.22
-10003.71
12560.61
590.69
11579.17
-5510.34
-5802.17
-15899.43
9126.56
-11760.97
4363.87
1406.42
-13016.77
-4603.95
-5992.9
4455.81
-16128.27
-4928.62
-4136.24
7602.35
180.57
-11624.40
-13481.47
1325.56
14324.10
146.33
3292.84
14988.80
-15773.41
15700.60
12368.84
-12498.16
16193.72
-2779.8
4786.97
-7929.47
-4794.60
-11820.62
5947.59
-13604.72
-4792.66
-10859.9
-8780.12
13517.93
-8579.73
-14681.71
16243.27
10775.25
4941.99
14024.48
11140.51
8405.41
1041.25
11643.65
13895.40
8026.28
-2795.92
-231.35
8324.28
-975.28
-7532.28
109.36
-7557.83
1221.24
16381.37
-627.19
-1524.99
7942.36
-14051.81
-13357.48
4416.78
-14343.28
13226.31
-15203.26
2403.85
16361.48
-3335.23
-4485.55
-1579.52
-7379.48
-368.79
13051.46
-6264.46
1495.61
-12204.73
-4409.66
-426.81
-13382.23
7871.70
-12084.63
2831.36
-12369.36
-2923.76
14633.5
-10242.45
2883.51
13805.83
8014.35
-16021.86
11527.98
-7382.94
-12228.90
8311.57
1708.87
3601.41
-8797.31
-4596.24
-8647.77
-6234.28
-12554.89
3617.4
7826.37
-11994.58
-8940.87
-16310.90
-6069.93
-8596.51
-12573.27
11097.23
-10395.71
-7034.13
-3713.96
15885.50
-3109.87
4503.36
11016.29
-14740.5
15130.53
1453.95
-3224.96
14835.37
-352.7
-2743.84
5743.74
-4028.51
-4590.38
9039.19
14272.38
10131.63
-14380.51
-14256.62
-15849.43
-3226.87
-13038.51
1277.78
6152.66
881.80
-11712.71
-1428.90
-10343.89
6851.97
14145.80
-6808.50
-3683.59
-1321.80
-9184.95
7801.26
-3233.57
14987.35
-8123.17
1099.94
13161.11
-6257.17
-6755.56
-3276.3
-9090.82
6395.27
-2357.42
-3709.33
-11571.75
-289.81
-4186.71
14656.46
124.63
-12969.33
14178.78
8730.45
-7332.13
9764.47
-9602.46
-7593.10
-4306.22
-4131.87
6672.53
15096.94
14271.89
3076.7
-1913.31
9484.82
-11539.27
9064.28
-8980.28
12292.41
-12167.92
14266.70
9118.86
15871.71
872.65
2128.76
12577.23
5760.74
3367.9
-4454.7
5504.3
9686.50
3988.58
15693.82
11162.41
7194.45
3895.60
14425.36
12784.83
14566.88
15033.83
-4775.59
14984.70
-7102.89
-7932.15
2925.29
-2584.23
5489.51
13452.5
5420.62
-8599.68
3600.80
-14255.81
-1536.70
666.47
6607.53
6153.68
-5337.58
-14695.16
-13017.7
-5442.72
-12895.21
-6261.36
3842.72
-10895.76
-16122.22
-14070.63
14003.76
9922.93
11561.88
-12020.52
2939.9
-12012.82
-8468.97
-6214.32
9677.91
15029.25
-7581.67
13970.13
10481.68
-4844.60
-2599.96
12128.86
-667.67
-5379.52
7557.97
7158.98
1970.45
9093.58
-6169.1
-8205.37
3516.11
-9789.9
-2099.64
-7117.47
-9391.66
-6624.48
-11620.35
15843.55
10170.83
-7370.93
12916.13
6229.83
-15064.89
1896.64
-3451.56
12941.83
-11005.86
-10869.13
12524.69
5867.5
-334.33
-1184.31
-7324.50
-6174.26
2344.18
5814.28
12014.72
-11715.67
5568.22
-3201.78
-1063.88
-9256.69
-7169.83
10755.4
3356.7
10119.75
5753.97
12023.44
9437.37
6150.27
5844.34
8817.19
-3453.60
-10975.67
-512.77
-8482.9
9568.32
-14357.32
10589.4
-5631.28
14166.0
5608.11
2852.36
-12889.28
8664.93
9829.2
-13747.49
-4216.54
1499.68
5443.30
-3837.52
-3901.44
-12183.23
-7434.82
13531.76
-4560.27
-4089.8
12848.4
-5834.83
-14916.83
-1696.23
-10400.42
-14287.51
7978.30
15366.43
2042.66
476.16
-5248.45
4760.43
-14552.16
-12454.15
-14388.77
-883.17
3884.89
-12289.16
-6112.92
11289.75
11592.67
7693.81
-1130.56
8598.62
-15660.90
13612.99
15351.55
13103.84
6149.58
-13700.88
-10276.94
-5682.31
-11985.36
-167.38
-14692.30
-4723.68
-8521.35
-11335.48
1235.22
-2243.37
-12974.63
2440.31
7540.22
-8079.11
-15715.61
-8951.43
-2495.95
-686.97
12247.32
-8960.42
14872.65
7442.93
-10374.35
-13331.58
-8110.19
-7984.69
-16314.49
10992.14
-7610.5
8334.53
8020.86
-7566.67
-14838.93
10614.49
-1640.21
4661.63
-14962.56
5489.91
6298.21
2084.91
4822.67
4271.28
945.53
7672.5
16349.15
-15154.28
15184.39
4813.78
-11683.29
1960.37
962.62
10104.52
-8220.21
-6417.88
12959.15
-2568.60
-14774.94
4409.85
-13023.14
2182.0
-10939.25
6916.7
6179.92
-4435.37
13923.0
-8402.67
-4712.34
16333.34
8340.27
8645.83
-3986.92
15081.52
-11849.95
-3953.85
-12419.73
-509.89
11072.53
-13082.4
12710.29
11306.52
14716.29
8558.1
-8200.55
-2932.4
-2274.37
6940.36
13381.73
-1155.74
1459.23
-12610.19
5044.2
13196.79
-10079.92
-11439.88
9187.6
2469.31
16231.40
11606.47
-15824.20
-7343.25
7704.55
14945.57
-3632.19
-5825.25
-8936.56
-6608.32
11289.92
-15680.99
-3310.80
-15467.74
10137.33
3752.52
-2531.44
-2801.77
10993.83
-5243.17
-6833.60
12197.60
-947.41
16156.57
8672.92
-12358.67
-11386.87
1473.27
5285.47
-9893.61
4582.89
-9457.24
-13877.6
5780.24
3340.94
-11565.53
-5004.69
-5219.69
-2326.60
6572.10
-6275.35
184.48
6358.85
10491.66
15560.21
1143.87
15868.50
14916.3
12064.92
-6093.23
-16363.91
9667.96
15212.87
10142.68
-16238.2
-13732.11
13862.72
-7145.78
-14438.35
500.2
-15789.29
7649.69
11623.46
1820.49
11695.23
-12053.26
-14033.93
-4066.99
2070.2
2701.15
-15044.85
-4818.17
11077.4
1035.96
5871.1
-8157.80
3674.12
13129.71
3329.18
5300.34
-4034.44
11344.92
13749.20
-15445.2
3890.6
6899.99
-10772.79
-15455.80
14264.98
15648.69
11325.1
-3047.61
-6487.97
2895.10
5423.98
2715.4
6208.67
11441.4
-5922.21
15188.73
-12197.48
-2299.11
-8951.62
14152.98
5855.18
-5101.71
-11444.68
-3600.17
6578.47
-726.25
-9643.40
7086.94
-9073.70
-8139.73
500.4
-8026.77
4097.80
12645.83
-7310.9
3073.62
-15091.49
-9806.48
-12031.48
-3135.9
-8855.4
1384.99
-9787.64
-150.40
55.95
9352.63
10036.66
-39.96
8408.52
6329.42
-9466.61
-11126.74
-2605.56
-5218.44
9273.12
14620.99
2015.92
-6926.61
-5175.52
7397.82
5760.4
14900.24
44.80
-11663.34
2723.64
-13031.12
-2285.85
-399.37
10292.8
3012.29
2446.31
-4700.78
-8378.35
-13049.99
816.95
-13542.66
15966.63
4052.24
-10145.97
13092.74
4733.26
6430.27
-10174.79
-13490.50
-10096.21
-3289.52
4237.6
-9836.29
7154.68
16082.97
-13604.74
-1985.98
-10433.61
-1832.37
7262.15
14380.89
7209.13
13926.23
479.54
6686.21
-14738.25
-12078.12
-15112.43
8472.76
1370.19
15874.97
9964.18
-7741.63
-4338.16
2001.18
-3810.78
8218.66
4000.78
-292.32
-8220.88
802.18
2383.35
-2229.17
5777.37
1588.47
-6657.63
10747.66
15520.93
9603.59
-11409.0
13176.59
8144.27
13139.18
3474.36
-10705.21
1581.31
-4273.12
3651.47
-5859.68
6540.62
-5814.94
11919.80
12100.16
-10623.17
16048.21
11223.28
-3826.61
12873.22
14354.38
-16145.6
10585.61
-535.9
-9024.40
1795.67
-12642.70
15047.6
-12439.88
10972.17
-5422.49
8350.52
2779.5
15724.10
-2730.18
-8668.15
12204.18
-6373.26
14515.37
3880.55
12445.10
-11867.9
8329.42
-10653.93
6499.90
12286.12
9084.47
-15691.71
13579.0
-5160.52
1022.84
15267.32
-10629.16
15957.37
6813.78
12263.73
13492.46
344.87
-8390.8
-3171.82
7388.86
-39.84
15645.64
5046.7
-10123.80
-10914.56
-12217.41
-14432.22
-4567.12
-14635.56
-10743.63
-5722.12
15318.18
1718.23
12565.43
12445.67
15512.43
-8718.72
-9229.21
1283.69
12383.87
1047.37
-6591.93
-692.64
16007.71
-5048.1
-5649.0
11918.18
-15064.49
-16148.79
8715.74
-5371.20
-6204.16
10841.52
3823.93
9891.53
2544.42
-8245.60
2518.23
15211.51
12527.92
-1870.2
-12577.51
5327.6
-8745.6
-2723.66
13132.31
-1284.75
-760.61
15860.75
13082.57
-4764.1
5545.28
8159.3
11074.47
12659.95
7317.60
2595.75
-15540.7
5347.53
-12201.96
7671.16
-3622.46
-9934.69
-14204.43
6305.54
3693.4
-9513.31
839.8
8087.46
-10347.21
-3413.87
-1351.22
-8650.21
-14527.12
1701.70
8696.16
6433.29
13093.45
-5021.95
-7468.22
9009.29
423.65
-2983.46
-5321.86
-15199.48
-14363.46
11841.75
15959.66
-4424.70
-9773.26
4316.10
-11374.15
15233.46
-4477.3
13418.99
3552.60
-7057.33
-3468.88
9536.95
912.66
12454.75
-9045.8
3112.52
-4538.23
-3680.11
7281.44
10105.93
-8600.34
7979.42
-10267.26
-10915.1
3933.67
6587.38
-14051.28
13001.61
6226.58
8569.94
-11040.14
-15150.51
10557.54
13208.51
-6809.67
7965.0
-10780.25
10683.79
11611.87
-4058.45
11580.44
3134.93
15417.94
14783.59
2351.95
1247.37
800.44
10100.93
-2104.11
5896.98
13787.25
-5117.44
-5794.2
-1960.73
5739.6
-4209.24
-9361.85
-5393.38
14413.90
2519.77
6198.60
904.68
-8419.54
-16170.63
7551.32
8200.60
-1183.25
-4741.74
-2793.56
12884.81
-12834.25
-7605.60
-10450.35
6607.78
-10380.4
1996.26
-2751.52
-16345.67
-3615.34
6762.17
-16359.22
-15319.32
12473.73
-5700.33
-8850.60
-1772.65
-3218.56
-2432.46
-266.62
5075.51
2755.78
-9691.28
-2065.17
13797.88
8047.59
1296.41
9655.30
12357.83
407.49
2012.4
15236.85
13658.3
8488.75
142.12
-2917.37
-9369.26
-954.59
-7909.3
8470.94
2469.15
8419.42
1375.84
3325.37
11715.74
614.14
5170.18
-7079.36
279.75
2563.60
1129.73
10142.32
-11275.25
3971.14
-15297.9
15430.30
9168.58
-10692.41
-13628.4
-9842.37
10095.24
9143.55
5842.73
4771.39
8324.21
15672.86
-12168.37
8889.67
-16144.30
-3485.91
13675.96
14386.69
-1755.54
3433.98
907.96
-1019.87
-10798.48
-3806.78
1944.61
-10158.94
15656.10
-14754.57
3064.32
-10267.81
3706.74
-3925.92
12884.99
5829.84
8309.74
-11753.45
-843.52
14181.23
6890.8
12439.79
-12210.85
15669.13
-15392.77
-2555.20
16006.64
9644.80
-11261.95
-9163.18
-1033.15
-1447.24
-4665.52
6109.34
13608.96
-8345.5
-3106.77
-11808.15
11808.40
12097.13
-3678.46
-12947.71
10201.24
3261.35
-8436.49
12297.44
41.92
-12580.18
-2928.96
1741.84
-12916.88
-8377.13
4987.3
1086.4
-9379.93
7194.19
-506.24
-13491.60
5831.87
-2972.11
-2233.24
-12503.95
-9783.19
-4221.61
-6744.86
-6876.63
-11284.61
6547.76
2883.42
1546.51
-7690.92
-5733.90
-14056.52
-9608.25
-873.81
15075.33
4058.41
-4450.37
-2025.30
13074.26
6321.23
13426.75
-13684.28
-15722.7
4087.54
-13163.80
-11579.70
-7047.42
-7607.45
-10051.33
-11022.17
9824.27
-4811.79
11484.43
-4865.2
-12005.35
-6274.46
7168.10
-12530.18
-8392.86
-13941.31
-6374.50
-15811.45
9182.67
-11911.17
-14152.4
10526.6
-3162.42
10859.35
8549.88
-16023.97
-14476.18
8910.95
5099.16
11796.21
-10242.31
12071.61
-8138.79
3002.94
-15332.47
13568.63
4515.57
-6642.51
3653.14
-5614.59
7225.4
865.18
-15146.29
11522.51
-15475.75
-5375.80
4292.82
-14692.34
3936.4
11529.50
-9226.43
3322.46
-11501.9
12929.80
-742.50
11295.32
-2562.75
-12658.87
865.43
-500.31
-240.89
-15944.79
12593.86
-15811.21
-8960.43
-8548.80
6872.6
-13249.52
-911.33
-13874.41
5283.66
5165.4
-9321.9
-1836.12
16224.8
-8657.15
-13137.14
3318.23
5070.74
-7111.5
-15699.85
-5205.77
9794.9
-11062.57
-12010.52
4233.19
2013.92
9820.66
12994.8
10615.88
8644.39
-15083.49
3776.75
-13276.34
-5081.51
3386.8
13445.1
-2514.47
-10315.20
-3916.64
-9364.0
-7207.15
10926.22
-683.4
9285.48
15929.21
11285.96
1272.51
-4977.51
-7199.97
1984.37
-2598.13
-3113.61
-14649.72
4907.10
12613.87
-15489.59
-2950.59
3427.94
4359.99
13294.77
-13357.3
-3045.37
-16345.48
-12262.19
15441.1
16042.40
-1113.55
9726.82
-14875.93
-10501.91
-11550.87
9434.85
10907.28
-10848.3
-15159.7
2863.11
-3807.52
12407.84
-4762.18
-15140.78
3658.92
-5546.5
-15119.11
6845.72
-6828.90
6447.70
-6960.16
-12263.4
13355.14
-14342.33
11225.87
3437.59
9035.3
2316.54
3635.74
-7635.77
15651.23
-790.0
16316.46
3769.10
7767.4
10693.11
-10496.79
-5013.18
-15436.56
13505.59
-8238.93
713.63
12276.6
-2626.90
3804.26
5474.27
-13950.34
10731.20
7391.57
-15070.73
-12014.69
-10924.17
-10176.46
8753.65
-9170.16
-11377.78
-13627.96
-6570.52
-11320.68
-7820.85
-744.28
12813.13
6698.33
2011.61
7187.2
9071.84
1333.32
1804.54
-14614.13
7349.23
11409.76
-783.7
13419.63
-1414.2
-5280.47
3749.1
6599.62
-7200.97
14591.9
-14893.29
-3192.98
-5986.40
-9979.76
-15345.64
-7175.51
15748.95
-14679.55
5792.5
-5662.3
-12176.90
4072.39
-2656.71
-14369.29
5027.86
-13229.18
-10837.13
14352.29
12984.0
-9178.93
-4051.43
-11596.8
-11514.57
-1703.38
-1070.76
-16261.85
13731.54
8101.56
-6869.25
-1147.57
7272.63
-1282.73
-14676.6
-14899.18
10623.54
2096.19
1635.30
-1541.16
10205.37
4196.76
-494.65
12410.81
15270.76
10976.75
7977.71
-6778.18
-13022.35
13250.11
-6953.51
383.83
-12662.17
-11773.97
15780.77
2112.4
-6337.39
10372.14
14986.24
3747.9
1165.83
-9394.53
-11016.38
7324.4
-6698.66
7083.70
4817.63
11172.21
13332.69
15418.36
-4187.36
6538.16
-4598.43
-10209.92
-4054.80
8681.82
12001.82
10286.71
-9959.5
-10914.15
15740.61
-6678.32
308.22
6774.85
-9438.41
14284.23
12625.95
1626.64
5197.29
-3590.22
3730.66
15558.68
-2739.38
16296.23
-13749.14
-4851.77
-8584.31
16235.15
15174.27
-5308.89
6665.97
8294.24
-1539.45
2012.1
1359.8
11310.39
15289.18
-16282.87
-8208.62
15460.78
-11607.79
-929.24
-220.64
3422.9
-4297.94
-2408.41
-14031.21
8285.78
10418.47
-5783.94
648.96
9852.68
-6040.88
4919.2
-4681.52
7854.49
-13905.38
-10146.9
8641.89
-2134.11
-5904.29
6232.34
-3372.90
-14828.14
3034.90
317.65
-15260.51
5139.36
14600.59
-2492.53
14638.74
4781.84
-1855.61
-14526.76
13079.52
15568.92
3881.2
11096.18
-14254.61
2730.88
7480.3
-5590.55
8320.43
12925.50
5629.36
-622.69
-7613.86
15427.67
-12979.83
-11800.40
-7936.40
-11659.67
5808.80
10034.13
3864.56
-11908.67
15513.84
14984.43
10611.2
8843.34
-2242.7
-7348.58
9668.11
9900.68
16262.46
12960.38
15108.12
-1233.57
-2373.67
-5503.75
14776.0
8763.62
-1740.81
-5816.86
-4737.12
-56.19
5412.38
-7.9
5637.88
-10483.3
14001.15
3516.63
16243.75
13345.83
4011.30
10550.90
12424.82
16358.21
5069.11
4328.37
15636.73
-13350.7
-408.77
7738.15
-513.88
11106.62
-10483.30
-1999.96
12846.49
3025.15
-2267.40
-8686.30
9447.20
-15529.30
-15249.25
-1288.51
2688.77
-8292.15
13703.44
-6132.96
-4284.39
4752.23
3686.45
5004.30
12853.0
-6061.46
-957.8
-3146.9
934.56
-13998.0
12602.29
5157.47
-6319.28
-8730.81
9581.71
-13562.71
-14679.93
2629.46
7230.98
10785.21
9628.33
12248.81
10961.84
-15308.29
-15174.34
-8042.22
2114.61
-11291.82
-1716.55
12690.95
-290.44
1616.48
9320.82
8815.78
-803.97
12783.13
-1911.8
-2052.67
-14733.32
13530.86
3687.70
15404.98
16095.74
6696.73
-10677.92
10271.68
7062.16
-8731.99
-795.30
-464.95
-3459.49
15621.34
-14635.76
-7930.11
14276.2
-16270.91
13888.56
-5866.32
8090.70
-240.24
6823.90
14664.43
13151.30
9329.69
12839.97
12072.68
3605.91
3649.39
-14733.85
-13879.96
9241.5
16267.32
3070.60
6463.62
-9851.56
-8496.61
7540.92
9918.62
-2612.47
1820.90
7929.4
1533.47
5603.91
3441.47
12175.60
7204.0
-15149.81
5017.80
15997.83
-11844.10
-13652.45
-9790.88
-2638.60
8258.6
11292.35
-14494.99
-12642.56
-12434.65
15287.53
-5826.37
-9142.5
4289.82
-14270.72
-4355.45
6056.69
12174.16
-1291.17
8571.66
-6356.93
-11908.42
15556.92
-10330.78
10066.85
10608.15
-14113.25
-16176.81
14501.48
-15098.61
-5385.88
4474.80
205.92
12130.92
10524.36
7681.98
10210.5
13253.51
7280.11
8179.12
15157.45
-10314.1
-4824.49
5190.68
-14648.32
4897.49
-14006.27
-1927.92
-12218.16
13705.7
-5156.87
-5589.90
12541.60
-5175.5
15050.84
-11622.88
-3355.50
12502.35
-15699.18
5065.29
3156.68
-2729.63
-15220.25
-7177.58
13983.63
8859.27
-3724.63
-15151.51
15125.34
-11298.66
6183.80
6709.95
-9869.65
-10686.56
-3433.18
-2831.64
9579.48
3549.74
-2736.18
8998.17
-15336.62
-5239.62
-6696.75
11579.55
-11520.84
5496.79
5717.29
-8299.8
-1069.31
14099.78
-5800.0
-10392.74
4499.97
-4866.12
9986.47
3576.49
-16114.7
15909.55
10805.87
4593.39
6462.34
-7665.35
5684.87
-7330.37
5390.56
-5194.62
-10623.88
4749.34
1034.55
-1211.57
-11312.35
15268.74
-16065.7
-5175.54
3298.88
2231.15
-10886.51
-5541.80
7057.77
-14083.77
-1957.68
8193.40
5993.39
-11467.41
8326.96
4372.11
3411.36
-5383.77
-15394.92
-12971.37
2168.37
10586.70
13094.16
-1883.24
-1865.73
2054.60
15610.22
890.69
-2256.86
-7235.22
-8211.38
-1166.86
-5270.46
-3061.37
9798.7
8372.94
7845.42
-3573.44
10676.87
-15340.44
11156.75
-11347.89
-15344.53
-6284.24
-15815.49
-2190.64
-10977.31
524.74
-11091.0
-4117.12
9177.39
-6467.71
15548.44
13314.96
1568.35
-16251.57
-4293.52
1427.69
984.48
-14612.95
-7602.90
8438.28
-14679.6
-14255.28
-13909.67
3856.15
-10469.15
-13618.36
9081.75
10636.57
-5804.74
12380.51
6027.44
-8821.89
8116.21
-2428.11
-15673.35
3032.16
11053.41
3792.93
10483.45
12268.3
16219.48
-978.84
-14769.24
804.67
-15135.68
-2159.77
10659.3
12422.45
3843.11
8070.54
2588.66
5203.36
-8157.5
-8833.66
9220.74
877.27
-14178.5
-589.5
6910.43
-15328.77
13824.67
-12841.74
772.47
9983.4
-6231.66
-4073.52
-1474.81
-6068.84
-14317.90
11801.50
15747.26
-3767.49
-8723.50
-11878.55
15356.8
-5720.94
10569.98
5975.59
-14846.60
10098.30
-8807.19
-9589.76
-9712.19
-1949.62
10093.33
9669.79
10574.16
-9430.10
6813.52
-5707.31
5596.41
14998.46
-5869.72
-12129.75
-8993.40
14349.53
-2676.57
11832.91
-6347.45
-2315.47
-6809.56
9368.43
-16155.95
10838.21
5432.93
-2080.27
-11163.17
4658.5
-8075.61
5803.13
-4006.56
8103.59
-13320.1
2909.42
5621.5
-9289.96
-11514.46
-15719.84
8204.64
-3929.34
-1074.16
15864.89
6383.10
-2915.77
-9853.66
-9408.39
-893.6
5642.34
-7026.4
12754.34
5464.69
-3099.94
11777.52
-1925.26
-5533.27
2482.80
15731.60
15957.36
-1721.90
-9128.34
1081.98
2633.16
-14016.78
4605.97
10652.54
3561.21
14390.84
10996.15
-3148.57
3399.71
-14710.86
-1056.2
-6064.57
14962.55
15258.88
1816.71
-1516.4
-16354.33
15474.13
-7035.47
-4814.83
-12887.27
-5209.23
-2300.91
-10111.38
10513.30
4720.40
-11243.93
-5238.20
-674.14
10833.51
10615.47
-7491.43
-13614.4
-14736.6
-14140.58
12549.38
-239.62
-1934.53
-1663.20
-13133.29
6251.40
-4323.34
6436.75
-13490.51
-2527.95
1365.15
9594.20
-2636.49
2694.16
-6433.52
-490.73
-3035.36
-11597.28
-8468.50
7080.72
420.70
10545.52
-3441.64
-6095.12
-16147.33
-1729.31
15941.76
-5564.50
483.52
10808.59
7067.89
8539.52
-14376.48
3442.57
3443.96
15566.7
-5183.71
1755.43
7590.83
15977.37
-7646.38
4758.47
-15736.8
-1013.47
-2118.63
992.68
11734.99
1535.19
-4151.18
-9109.45
-6025.32
9828.15
-1233.43
4675.28
-11059.2
-8252.0
13498.70
-12283.41
-13865.48
14805.84
-9618.37
16242.23
-4816.89
9259.29
6442.5
15092.67
11633.42
-2242.84
-14667.21
-1845.17
-5815.60
-13225.37
11818.81
-16344.20
11993.47
-1549.81
1051.43
12799.75
-14818.48
5716.11
-8631.65
-6.92
-7797.70
-4955.83
-5144.0
-3381.80
-11011.68
3532.17
8554.33
14587.20
7843.0
-15312.76
1723.37
12644.64
-7699.2
-12565.40
5411.28
-7379.54
-178.27
4798.31
14081.36
2156.89
-4309.39
-9104.74
11946.58
-12345.63
7653.57
12346.32
11504.53
11506.75
-16132.88
-10494.62
-8492.99
6289.54
6506.64
6737.71
-1631.6
3098.3
13446.15
14479.35
10650.90
-11483.72
6248.87
-6728.70
-15748.40
-14668.28
14426.79
4751.52
334.69
-3794.83
9836.75
8394.38
7851.77
15445.79
15210.29
-10163.47
-3715.65
-2511.5
5719.47
-358.79
5040.51
-1631.73
-14265.58
726.26
-14743.6
-4042.86
-3533.45
11847.35
-7656.79
-3200.12
15805.30
-4366.90
-8042.73
-6401.43
13553.35
7397.56
-7086.91
-4104.99
-15933.29
-3227.0
4402.20
-14370.2
-1382.43
-243.10
-14054.19
-3809.91
-730.77
817.90
-12569.20
-11151.48
-12128.83
5817.29
12829.24
440.13
-14332.76
222.83
-5650.86
13476.94
9954.15
2160.78
-2431.21
-11179.23
8413.94
2332.18
-10559.33
-11275.79
-1270.33
-6932.89
-15518.72
-609.37
-6393.58
-4257.84
-12782.33
-13807.25
-7532.84
-12358.76
-8949.38
-11448.5
14851.59
-9123.45
-10566.86
-6800.27
-3704.76
-15676.51
11316.62
12187.68
15293.68
-15935.56
-5676.94
6772.15
-2152.40
-4507.44
-9223.73
12758.94
6294.35
-13116.93
10947.58
-13137.58
1951.27
-12849.89
-8682.89
484.71
3333.88
15345.70
11048.25
-10505.94
15250.63
8070.67
4828.85
444.40
-2342.62
-7511.30
10292.85
-7349.1
-6628.41
-7178.17
-10021.51
9924.43
9574.67
15106.68
13338.1
-14949.80
12301.20
10895.73
9088.95
-5135.46
3903.25
2666.24
-824.76
5173.3
-14181.72
3771.85
-12985.84
-183.7
-14170.78
-9437.77
9576.65
634.38
-2227.95
3696.48
13717.5
-11341.56
5492.44
-14157.29
-3977.0
-11916.41
-6625.86
5028.59
11969.0
6100.38
2355.7
-320.69
9048.61
-16146.93
13423.36
-14383.25
12525.90
-11154.44
-11916.11
-9799.53
15719.27
3453.88
5845.69
10334.2
2220.8
-10591.51
10705.43
7821.47
-15715.33
5270.78
-2424.9
10516.8
-11858.46
13642.32
3216.30
855.7
-10106.18
-10779.43
5632.15
-8519.4
-12636.38
-2719.29
8364.67
-9145.91
11228.82
-8477.5
-6247.53
-11388.54
13252.86
-11711.34
10790.59
6258.66
9382.17
1739.66
-8275.96
7066.82
270.33
10565.71
10997.86
-13798.75
-4160.49
9019.14
-7920.96
-114.22
-4575.73
-10984.58
11521.55
11780.40
5447.5
-13719.32
-13805.11
-13.35
-3483.0
-4344.76
4471.28
15177.71
-7614.15
10572.88
562.47
7477.51
9059.89
-1920.48
-13244.68
-5314.79
-5019.54
9168.63
3522.51
5879.74
4098.98
-10148.77
-6238.3
-6274.86
15756.70
-7251.47
-13698.45
-822.98
4705.32
1963.29
-1905.81
-14784.88
-9575.40
8043.2
-5265.7
7010.49
11910.97
-11579.41
8354.27
-16197.46
7928.26
-10450.27
5665.70
-363.70
5641.59
-2198.48
-7345.18
-1856.62
11016.71
1973.87
5694.79
-9352.46
-8502.21
-1588.54
-1451.73
844.55
-13697.11
3023.41
8046.31
13132.8
2358.5
6523.8
-7330.13
3847.54
3452.78
15248.12
16004.94
-5094.86
-3321.11
15630.90
-15215.98
-12788.82
-6477.40
13310.35
-10220.41
782.51
-4788.79
332.59
-5547.18
4917.45
12892.48
11198.23
15176.0
-2923.37
7031.41
8443.23
7029.75
12380.51
-10099.88
15091.88
-13711.65
7703.52
15845.77
-14101.46
7963.95
-3422.31
6663.53
-2822.32
-3959.32
-7660.40
1737.65
-2229.93
-7284.89
7981.12
10410.64
-14982.55
-11489.77
6898.51
5140.89
8383.26
-15890.53
16328.7
-10879.56
-16365.89
1519.54
12999.88
16195.99
-4280.7
6884.91
-16378.13
-7438.64
14916.1
4602.17
9322.15
-5474.17
3166.67
1248.27
572.12
-4407.72
-10208.9
14871.97
10870.19
7716.42
-12719.9
-4805.70
945.15
5453.90
-15609.99
-3054.82
-3827.13
388.68
-3920.85
12596.41
-14375.26
4793.75
-10238.76
12943.44
2540.33
15483.99
5341.30
5744.2
-1994.20
-1277.11
-5071.23
-15409.22
-13997.37
-16297.12
419.75
8332.97
-4651.97
6876.55
-10628.65
4226.46
-699.20
-13729.79
14903.33
14581.63
-3136.81
11132.79
15238.81
-10998.10
12403.1
2145.95
13993.19
11269.38
15552.79
-3847.46
5022.14
16034.82
328.38
8471.13
10406.48
-11285.97
-5556.1
-13085.66
12523.22
1554.22
15295.5
9106.12
-3826.56
-2306.65
10878.93
-4371.12
7549.89
4761.78
-11646.99
7189.35
5483.20
9229.35
8296.49
-10818.85
9592.46
7612.15
-5520.1
-1154.73
-5763.13
6272.4
8891.20
6180.44
-10765.31
4067.83
2300.95
13831.83
-9136.33
13497.23
7785.20
-6741.15
11055.3
-3207.57
-7119.17
-7395.27
3283.36
-16092.62
15838.42
6656.42
14120.74
10351.47
-7344.15
1709.37
13898.13
15539.76
12275.50
-6744.70
-2016.88
-2428.46
8635.78
13873.30
-15016.32
6450.20
10395.16
-5285.47
4901.44
15211.93
-8975.79
5131.13
-8720.91
-7962.30
-13302.36
11858.99
-11865.75
-13856.23
5122.83
4957.9
-4200.31
-785.38
-13030.31
8400.4
7522.78
-14277.11
5023.71
-1661.75
11612.39
11636.21
11936.16
-10285.49
-7990.17
10354.37
-9952.10
6996.14
8112.26
4770.88
5704.48
-12533.44
15085.86
13157.74
-1876.34
-12421.56
-12226.38
-8070.62
3080.72
-13354.44
-12196.72
-3822.93
-11255.69
8283.77
-8412.64
7785.14
7165.24
-12048.87
-2047.66
-3494.51
-10571.75
-4589.62
-2366.11
7716.69
5165.89
-5576.67
-15648.88
-11080.14
3254.3
4277.91
9023.40
13163.21
-9954.52
-1511.76
-9421.96
-10369.27
-542.15
1068.86
-1852.1
-14705.38
5355.86
3175.51
-4905.39
13492.93
-196.84
6985.67
-15256.83
-482.5
-1060.4
-12631.5
10163.9
-8580.24
-204.48
-14156.71
-13638.6
-10817.93
-5129.69
-11510.95
3992.11
1990.71
15606.79
-5210.81
-4433.26
6366.90
8671.7
7553.78
-15174.76
-9606.40
3533.45
-9974.19
-11644.98
-9086.73
-3779.72
15737.23
-3157.3
14630.42
-9293.9
11849.18
-3845.34
-10048.84
-16208.59
-12642.67
-777.69
-1083.91
13328.32
-14378.5
1717.1
-13685.75
9112.54
15485.94
-10418.89
-8704.68
-4347.26
2349.25
10914.91
507.54
3841.0
15755.89
-6716.69
14826.3
9815.4
2902.80
1276.67
4040.6
-4007.47
753.52
-11908.71
9977.20
-5884.42
4999.9
2082.35
7420.54
-1868.96
3407.18
1341.66
-9970.41
2300.51
-8841.30
-6625.90
12895.94
4022.71
-5215.89
7459.30
1895.62
-4204.95
14705.4
12986.8
-9655.38
-3350.85
2930.76
16292.65
-14583.36
13470.83
-3569.68
8214.23
4183.28
-873.93
-12.23
-3947.41
3495.60
-5391.81
-156.3
-13498.47
10915.0
3056.21
-142.16
10248.66
4426.10
15731.93
2718.2
-10641.88
3190.75
-11665.6
-14946.37
-10414.39
-3874.54
-2221.64
4713.6
5102.67
7746.79
-2812.13
4516.34
-443.42
2868.80
-7890.54
9647.8
10037.41
12784.95
-10519.90
4969.18
-15069.69
14644.2
13163.13
11368.58
-10584.55
-4171.48
13254.24
10009.42
10444.21
-9706.51
-11235.47
-1311.45
-2841.2
11253.33
-1919.77
6974.80
-2086.76
2316.17
6756.55
-10563.20
-3157.15
-12488.21
-14320.71
-4830.0
-10728.66
-13987.62
-14482.14
5129.46
3325.63
14373.19
10460.25
-13829.5
15241.82
-3402.52
-9914.17
8396.81
4537.78
15405.45
-1054.74
11761.8
12082.64
-15231.52
5697.56
-5451.21
-6638.96
9193.83
-12705.75
-13855.80
-7926.57
-12931.88
-16134.38
-15406.51
6526.87
-6814.82
6251.68
-13054.47
8559.89
-493.42
4692.9
6795.83
-1416.39
-766.73
7247.11
-9758.27
-15226.97
-191.12
-13083.92
-10615.32
-14624.23
1801.27
12297.12
10748.94
504.45
-10159.74
920.88
-11704.84
-6493.59
7512.84
13004.37
-10112.86
8328.40
12892.69
-15863.65
11498.83
7144.3
-5810.76
3065.31
846.25
-160.32
691.22
7209.80
12495.71
647.3
13874.72
11265.14
-7317.20
-2113.57
12928.27
13112.96
-14461.51
-15448.44
-8777.29
13036.13
-10748.8
-2609.5
-14056.96
8155.72
6744.23
990.46
6759.44
-5128.13
7387.58
-7376.67
-7225.48
15880.59
-10520.41
-15595.8
-11130.80
-9112.94
-8624.81
-12499.33
-10348.91
8645.83
12054.53
15270.45
8039.15
4673.32
-1264.27
7575.53
8632.27
-11414.80
-15486.40
16065.90
15678.37
5486.81
8790.74
9405.3
10956.48
15554.70
-15481.16
-2800.80
-15948.59
15459.22
726.86
12891.16
13216.45
7893.20
-3336.58
-8014.97
5012.63
10407.54
3055.67
-11809.14
2825.14
-6800.80
-11508.8
-15401.22
593.64
-14945.53
11620.42
-13815.78
-8142.18
-10866.18
-4936.55
9395.60
13830.60
10718.67
9.23
-9545.6
921.58
-4790.72
7967.66
10374.98
-1088.64
-2456.74
-6617.99
482.17
5156.91
-7433.83
6306.54
-10141.17
3944.0
-13401.41
-10027.22
-10306.58
-6904.36
6016.13
3202.58
-5829.91
14658.97
-2534.75
-4050.98
-597.49
3514.27
8317.93
-933.72
7049.59
-12724.33
1409.74
-12057.45
4327.14
-11063.66
-14188.0
4146.38
1294.22
-3970.69
12263.21
-3726.62
10926.46
13016.16
3320.75
-11502.40
15755.24
-6375.83
-11913.58
-763.32
8675.10
15080.50
6317.36
13198.36
13055.75
-7958.40
8974.63
-10683.15
-283.4
-4094.2
9999.91
-7300.20
-12668.65
7459.39
6347.80
-11927.82
-14971.64
10517.83
9628.70
14811.79
12051.34
13115.83
-5652.76
-10471.77
-2222.59
194.29
3036.4
14997.62
10284.91
-6416.57
-6781.95
-12150.65
7400.30
-7337.2
10344.63
-13221.74
-2708.5
2970.67
14581.61
1561.33
-14672.64
-6753.6
7900.70
-13627.78
5860.65
10541.16
11898.77
13990.88
8995.36
11598.57
11672.19
12009.94
-4085.35
-1498.48
-6039.51
-14796.44
-2815.66
-13115.90
9582.9
-7355.0
9044.49
4255.99
11894.10
11407.69
7091.79
39.75
-14368.81
-6144.25
14294.76
-13468.20
-160.25
5887.4
-10719.27
-4082.69
1633.40
-9593.10
3508.79
14506.56
-5856.4
2441.94
-7993.8
14287.61
-4773.84
14899.34
932.47
14675.62
14770.90
8959.41
-9775.24
1530.1
-5922.90
4685.19
1481.29
-694.30
14120.62
15702.75
13472.57
15558.66
6463.12
1489.29
-10381.25
-14534.63
452.98
13934.50
10562.80
-12070.41
4448.43
12268.13
3194.91
10713.50
11129.98
-13194.22
-7462.81
-12311.35
11479.87
3476.43
11481.34
-15670.69
-1712.13
-712.70
9014.57
-15765.93
10297.26
537.23
3656.60
1019.3
7224.98
5118.1
-9816.31
12445.34
16183.10
9489.22
15944.10
3563.18
-15265.97
-3915.84
8937.52
-15725.31
-10991.77
-8425.53
-14608.46
15326.90
1813.14
7192.47
-6810.69
13279.21
13804.2
7036.66
-8476.95
708.59
-9001.83
-3344.68
6082.10
3138.86
136.47
-6018.27
-3261.0
-9286.91
-6700.30
1578.73
7379.77
-2938.30
-16306.18
2919.60
15871.66
-11517.72
16314.78
2560.61
-5481.37
-13287.8
-8438.38
-5919.64
-2301.74
-7635.84
16177.60
12293.42
14387.25
-1198.93
3591.75
8965.88
8800.92
2364.82
14954.6
11327.94
8113.73
12497.12
11444.18
-11101.45
13055.19
5986.43
-10896.4
-7910.52
-8941.80
-15685.43
11640.42
-6844.10
12765.68
-14990.11
13654.61
12959.80
3187.15
-1842.73
-11328.98
6536.66
14316.3
-15745.14
7812.90
-7120.99
-5174.65
7410.4
14246.86
-14102.29
11152.4
2135.6
-9786.82
1918.13
3730.54
-5597.61
8270.53
10445.79
3265.25
14778.47
-16131.83
-10357.41
11893.46
13608.92
-13426.43
2214.75
4421.24
10307.18
-6975.15
-12429.32
13194.25
515.56
5948.66
-1881.3
-11372.80
-2047.28
8125.29
2594.88
12952.28
4682.37
13559.26
-3763.65
-11606.35
-7005.37
-12714.62
1606.98
6009.94
-4167.19
-15647.9
-13668.32
14419.39
-5108.1
-2043.32
15438.66
-16053.37
3264.76
12807.22
-13114.76
15489.32
2442.7
-8457.94
534.57
-7995.77
5670.76
14049.64
-15909.1
11899.5
5259.1
11117.82
-8172.49
-13877.65
-15329.62
-15095.54
373.71
-1487.46
14648.87
15217.90
-10271.34
8096.74
-9501.81
-12660.0
5636.56
13646.71
-7172.32
13690.79
6027.48
-11719.69
-1021.66
13365.17
-6439.52
2036.3
-11291.1
-10931.15
-9582.90
15096.80
-1538.97
-4914.74
13879.30
-4546.92
-4303.68
8637.3
-10144.44
-2321.49
10362.98
2591.36
-2101.71
-7725.36
-10092.62
-13422.61
-14160.41
16299.73
-3752.38
8973.90
-8238.16
-10287.14
16014.81
-13652.93
-11997.93
-5868.75
-10669.5
8573.55
1843.71
11850.20
-6631.19
-6072.19
7032.52
5236.35
-9886.80
-10159.83
14251.77
3863.75
-16003.75
-6736.77
-1709.45
3700.18
3537.81
-4468.31
-8682.72
-9838.38
12843.50
10873.0
1497.55
-1111.14
-7152.93
-8091.68
-10927.40
16091.99
-7849.40
-3943.84
14848.49
-15617.59
-13835.38
-4311.46
-14108.8
-12450.88
4511.68
1624.28
-7920.48
4281.42
-11583.16
5347.12
6257.49
10064.10
14557.75
-9514.41
4158.77
-13419.19
-12125.49
-3456.85
-10204.2
-2684.62
-8360.22
2761.26
3488.5
15748.11
15308.87
-602.21
6175.46
919.94
-11859.81
16123.48
-12667.98
-9614.50
4638.7
205.94
3143.96
-4242.24
14284.81
-9750.2
-8465.61
-12076.37
-9449.44
11931.53
-11542.7
-12669.22
-12944.35
14243.36
-4386.95
12118.82
6448.30
3329.4
11982.96
14051.7
-11226.35
6790.96
-2014.32
-8966.57
-8501.40
8258.75
918.97
-6287.66
-3004.35
-249.3
14062.36
3853.31
-16252.13
6662.33
-11874.89
-2748.84
-7602.44
-15428.62
6773.37
6363.71
-3584.63
-2454.17
-8066.47
-292.90
-7154.53
2684.84
2292.67
-1053.74
11224.51
-14377.50
14116.22
-1253.32
5566.84
3225.75
-4041.77
4794.50
-6810.84
-11562.12
-8100.97
1395.40
2070.30
-5410.92
1916.42
7477.34
-14473.20
-9363.1
6172.96
-12018.21
16261.51
15229.0
13492.51
-9977.44
-12121.81
11269.27
485.15
12792.50
8361.94
-3293.13
7911.53
-2064.63
-13281.96
1362.89
-15352.75
-10320.56
-12125.63
7272.2
-5245.0
-14519.65
7625.70
-7982.92
14655.44
-2902.15
-9634.19
6058.80
3915.75
4848.83
-3056.42
-8514.11
9626.98
-14981.75
15174.81
6613.41
14275.9
1368.47
-5746.6
12872.18
4686.15
-10201.20
5577.56
725.14
7186.52
10654.34
856.56
-12782.5
11201.56
5133.72
-13957.3
15038.33
5847.17
3922.60
-16258.77
6259.77
-1754.92
12968.37
4565.84
10389.21
14090.50
3419.98
-10127.14
-803.97
16369.79
4023.98
13548.21
14758.94
-9584.32
-11470.58
-11977.54
-6761.73
14054.93
1330.8
66.76
-7460.77
-2871.96
-11799.7
6013.14
9634.2
-3826.25
13698.21
-2581.85
-5586.52
7899.19
-3201.40
-9393.92
7290.81
14202.41
8631.15
-13274.3
-3531.71
-5931.46
-16169.54
-526.44
12996.20
8248.12
2807.48
-4385.48
6429.45
-9936.40
-5133.31
-15555.91
-2997.28
-3125.32
-13154.43
193.48
-6971.43
-6679.97
-10274.97
-4825.79
14625.76
-3726.98
-1672.67
-10781.73
-15798.75
-1337.41
-10606.72
-13105.41
12871.60
-5775.12
9581.96
11250.37
4082.62
-9938.42
7754.82
1202.78
4776.1
4948.94
14826.73
10507.62
-8607.99
-10631.47
-15639.43
12064.1
3872.30
-10490.53
-14271.99
15311.32
16172.43
3658.42
10087.3
12435.84
1609.58
-5558.35
6913.61
6986.74
5693.19
6995.40
4355.78
-7320.25
-7135.98
1592.36
11476.53
12056.71
9079.43
3262.12
1622.70
8749.63
3459.34
-13618.37
5215.84
67.95
-8760.76
-13066.42
1839.39
-12446.92
-509.21
6862.68
11394.93
-8249.77
-6378.22
-6783.10
-8240.87
416.22
-890.25
-1836.39
13733.75
9200.3
-11626.82
13803.64
-4237.73
-4391.76
-12685.61
11606.46
11561.71
10533.19
-250.94
-238.51
15448.82
-15244.72
-12042.20
-8955.26
11906.25
-3307.33
16353.0
-12071.77
7546.16
-14589.25
822.50
-15256.82
-4025.49
15811.77
382.96
-13187.0
-2502.10
-1780.47
-13482.10
3074.72
15783.29
-15041.93
4208.67
10183.27
-6542.23
-2924.25
4985.95
4994.67
-3122.41
-5272.96
-15334.69
10026.82
2621.17
7377.51
-4033.9
-11504.56
-3945.53
10390.36
12303.95
5728.83
-12436.13
-14371.24
7222.92
-3134.49
715.70
10339.89
10452.72
3702.7
9194.45
-10166.14
3664.64
-3479.28
-6680.58
-10116.56
-7154.69
8097.66
7085.19
11253.82
-14784.70
-14321.76
-180.17
6155.95
-7143.78
15264.41
8192.64
-400.85
-6650.11
-7584.26
-12760.5
-10200.57
-10276.75
8939.80
-8667.4
12769.7
11292.63
9586.33
8110.49
6657.47
-2393.26
6734.75
5629.74
5628.83
1972.88
-9622.43
-445.53
-4047.89
15308.4
8368.71
-7832.64
-15512.33
8800.58
-3632.63
-1444.34
1337.57
-10931.26
-12915.10
-8827.9
6721.41
-14252.58
332.79
11742.64
756.8
-13373.32
-2870.67
-3476.42
8903.24
-8999.93
2160.20
-7657.53
10608.69
-9099.52
-12520.51
7608.74
14134.63
1237.1
1873.90
-7915.33
-9575.55
-590.42
-2691.45
1167.68
-14376.74
-3894.30
99.92
12544.43
-2931.31
510.41
-8973.90
-3648.84
-10682.25
97.71
-10899.81
-7187.30
12046.96
-5640.62
13033.41
3890.78
-4634.27
13322.91
11960.95
-9813.58
-8703.83
6280.94
1920.48
8249.56
644.8
-9228.24
-4379.96
-9969.65
11371.63
5481.14
-10712.10
-758.54
7162.82
4389.77
756.15
1806.32
-3570.29
-5003.49
13667.70
9872.61
14529.26
13123.99
10317.74
-6414.90
5651.11
4820.25
-7233.44
6590.44
-5602.92
-12694.35
-4803.4
5915.68
894.58
-9106.85
6100.69
-9571.50
1091.36
-778.36
4131.94
2582.15
-14488.89
8109.74
-9447.72
11330.84
5853.0
8551.36
14862.62
11083.6
1338.35
-6812.35
12432.91
-14781.6
-13215.95
-13957.27
5089.37
-1955.24
12136.79
6960.49
-13505.46
2292.94
-6632.59
-12922.99
3077.28
3862.69
-3885.25
10129.35
-1275.62
-5435.28
3342.68
-15123.34
3970.31
12265.18
-849.91
14185.74
823.11
-5617.41
13416.38
5641.21
-12095.91
1509.15
-11359.62
-15893.71
-12337.77
2522.80
-4007.49
7505.44
-5579.17
-8210.28
-1588.92
-15744.61
3418.59
4062.72
1016.65
10946.36
-8205.79
-189.95
13541.12
-892.86
6753.31
4421.76
-5348.26
15430.10
-11252.88
-5803.43
-34.85
10114.77
-13078.43
15892.61
8296.5
-1006.25
-14169.80
-14561.17
-14910.72
4131.15
15065.67
-8740.27
10111.78
-12072.60
12966.60
3536.55
10390.8
-12358.63
1248.47
1975.56
-9782.42
-10053.51
8691.3
12849.1
-15028.15
-11195.53
4471.37
-8035.70
-904.51
-8753.20
15594.39
-11019.93
8113.63
13663.83
-12704.62
7791.66
-13977.38
-12206.37
6130.54
-10155.98
-1541.23
7819.68
14246.77
-13921.50
-8367.26
-333.21
-14016.72
14926.8
14383.81
-10880.77
-11476.24
-1834.80
4136.27
11738.64
23.81
-9905.96
-5000.34
-832.89
-6726.57
-2499.72
-133.5
3420.11
3269.30
9202.5
126.57
7540.2
-4352.90
-8116.48
-9707.40
5738.52
13188.83
-15045.47
-8773.71
7148.67
-15555.91
-12219.73
4454.62
-8309.81
-11307.46
1112.90
-5758.73
14285.64
-12824.54
-13389.19
-14887.67
15416.79
-8965.23
-12463.69
-11829.17
-7301.41
2692.19
2592.50
-1256.97
-7017.90
11743.42
-7134.79
-6413.90
13627.27
-7475.19
9971.10
8936.42
-4608.31
-11986.74
-1355.17
5054.66
11733.29
6889.58
-6992.27
4163.38
1397.18
4451.52
-5089.42
-6022.8
268.52
7952.45
-12227.21
-1556.67
-298.97
11300.63
3095.9
8761.46
-8290.1
-13261.37
9407.46
-14063.90
8279.86
12531.97
11169.7
-14433.71
11349.59
5073.12
10206.97
12463.5
5223.3
-10449.74
-7282.94
-338.40
-13438.64
-6155.1
7574.5
-15005.15
14129.88
-6254.64
-3144.75
-15248.50
-1262.38
-14457.2
3854.74
14439.61
14662.1
1777.61
9503.47
7598.11
4911.28
11181.40
-3557.24
-13655.14
5934.26
10687.41
-8468.81
-5793.50
8976.33
1911.94
-7949.24
2323.90
5538.78
5153.84
4347.61
-3689.69
-5340.70
13452.61
15838.55
-15592.74
-3552.86
-14194.73
1655.73
8863.67
14414.44
1556.77
13163.11
2515.3
1991.92
-14217.24
-1815.8
6227.51
-15445.64
-10826.42
-5176.1
-9054.8
11299.42
1207.11
7158.96
-2448.42
10939.28
-7069.5
-109.50
-87.56
-4470.18
11185.28
-12014.97
-6355.11
6436.92
1249.54
-13882.31
6737.13
11048.78
-8427.17
-12991.10
-3555.56
-12607.68
11050.32
13617.38
7862.78
-519.0
12121.80
-665.70
15036.0
-15555.29
-5281.21
-14932.94
14922.40
15017.48
-4845.30
-8427.44
13018.69
-14866.33
-12177.17
7160.41
13580.40
-13426.6
830.1
-9504.45
-1093.92
9908.42
-12596.68
10612.17
15948.94
-11341.34
-5213.33
7637.73
-14210.32
-4070.8
-9565.53
10358.77
-14272.83
14057.96
-13640.74
13570.23
-4477.26
14728.30
4771.61
4144.36
14698.94
7602.70
11174.45
-13342.16
-3325.86
-7404.99
15285.69
-11498.41
-8517.24
-9220.82
13758.82
-14266.72
-8484.12
-4202.64
-13336.23
9091.73
-14444.53
-11186.23
4567.85
-9232.57
2361.6
-12714.24
13949.1
-4499.7
4948.74
-15846.33
13149.41
4899.21
-15393.97
14045.75
6698.57
5250.96
4936.39
11859.99
2249.81
11439.98
2103.14
7738.47
-2905.90
-9593.13
7987.27
-14537.52
-13138.70
2437.91
-9285.51
15487.8
2505.50
699.73
6636.52
-4799.48
-5957.78
14657.30
2773.92
11377.83
-11753.72
-14440.68
-16300.30
1048.96
-8031.68
9801.37
-6258.7
9960.41
-14777.84
5657.56
9870.29
3659.59
12151.28
-5527.93
-14789.32
15771.21
15687.3
12281.82
-2733.18
12201.85
-4118.6
-12288.95
-408.23
-1500.59
-10531.69
12763.62
-15180.49
16382.20
7475.16
15542.93
7627.6
1424.40
-4809.62
-9774.44
-8355.76
-8108.90
12804.41
15800.22
-4643.14
16089.80
-4595.38
1704.64
13165.74
-6761.68
-5736.4
3732.2
-7244.10
15659.84
-5617.87
13934.38
-5784.74
14843.80
-5700.58
-6984.40
12846.99
-2872.35
-9863.92
7525.60
-13790.58
11286.77
13280.68
-8943.18
-10160.17
6606.89
-8607.92
12793.15
-10848.40
12778.70
5500.61
-8182.20
-13110.99
11934.5
10700.28
-2804.20
-523.33
-3909.10
-1352.94
3086.82
4207.8
9651.37
-3602.87
-860.99
1085.60
-13179.49
13417.94
3082.37
-8964.20
3692.48
-6832.26
15848.73
6426.76
9141.60
-1776.82
4510.64
13895.24
-431.75
5981.29
-748.82
-13034.99
-11392.98
-8126.68
-8751.78
13573.5
-12847.7
9103.78
13852.72
14822.39
-14387.32
-1746.34
13411.3
-14215.88
10586.33
13769.51
12194.84
8875.41
-10928.63
70.95
-2921.8
-14581.6
-12387.15
-9396.64
5015.66
1898.20
11877.13
-2831.31
-8085.61
11735.51
-11100.27
9937.18
15200.55
12968.43
9086.29
-4200.80
-9619.54
13012.60
-12891.96
3156.27
-16247.5
-13423.79
14177.16
9658.30
-8419.36
5961.78
7129.21
7541.73
14349.44
8205.74
-3761.46
9213.42
-5232.5
10797.69
11699.1
5253.57
2101.80
-3601.94
-8609.94
-12643.91
6453.73
8719.10
3135.26
-6848.74
2455.18
-3868.28
-344.37
6053.72
4172.0
2383.25
-3892.95
-1607.98
9472.18
-12393.23
2280.64
-4001.71
-16334.62
-5576.20
-1561.49
11833.52
1945.60
3673.82
-13913.14
15945.5
-1510.49
3387.72
9577.11
3574.90
3188.72
13486.16
144.90
-8451.35
-15601.79
10763.4
-12828.85
9441.94
-14075.26
-1777.32
-8039.9
2532.92
-2337.32
-15263.52
14569.93
-8641.59
-12534.17
13373.39
-3836.36
15931.11
-9957.52
4964.61
15387.92
-15484.28
5553.9
15263.73
-10089.26
-15358.46
14270.51
12589.16
4344.61
7592.86
9559.91
12839.42
10490.38
11084.95
2355.43
52.62
-1263.35
13427.69
-11513.30
-373.96
-14976.21
6216.90
8103.53
-16188.80
1089.6
-3393.64
-12853.90
11793.6
11662.54
-3446.55
7631.25
-8427.78
12132.92
-3500.88
-14554.1
1754.41
-11627.21
13193.30
7543.90
15517.17
-3418.34
-15612.28
9765.7
2380.56
-1415.93
-3533.28
-8078.37
2237.37
13355.99
-7488.9
-14717.50
7265.59
-4396.97
4538.53
-869.5
-5380.11
-4828.5
-15555.79
10287.62
15358.6
-10715.95
-11038.92
-2991.2
-11895.91
12091.9
2925.21
7866.95
12099.32
-13451.26
-2020.61
-7002.1
-6545.10
12270.89
-5233.63
-4611.79
13959.50
6898.1
13224.61
5742.31
-1930.9
-1187.16
9695.20
-11292.49
-13586.81
-10317.79
750.57
-9001.38
7440.48
12390.97
-14720.72
10163.98
14568.24
-2.34
7289.98
7814.70
-15100.27
1424.20
-6614.71
9770.24
-6636.81
9142.28
-8485.68
-14608.36
793.27
-8145.52
7890.85
-7381.22
14939.69
5531.90
4855.92
6660.77
-2912.7
8333.81
206.67
-4556.62
-14601.63
-5744.0
-12167.33
12536.56
6535.31
10572.23
-8173.46
5379.55
-8551.94
-8751.56
-4358.47
2017.69
11516.50
6737.9
886.39
-6137.12
7194.51
-3102.58
-2417.76
13039.32
-12825.80
-8612.17
-1411.27
4741.99
1143.12
-1845.61
2317.0
6984.67
-3057.14
-11940.94
3473.70
10964.88
3518.43
8155.4
-126.15
6509.57
5376.74
5546.14
13665.78
2271.5
-2968.88
14667.95
-3836.51
-8892.69
-13502.96
-10338.29
4675.41
-7661.41
-4481.60
-10737.82
-4012.31
-6871.33
8028.87
5436.29
188.4
9401.49
-2490.48
12007.62
-13860.30
8795.71
-6798.31
-10778.43
14615.31
14553.53
-15053.61
-1992.5
-6195.58
-686.9
-2234.5
-198.16
5069.92
13528.65
7069.40
-13013.49
12197.80
2938.14
3249.95
10630.85
-7250.15
-13988.47
-10483.54
-8495.13
-9363.62
-5162.83
-12153.7
6437.37
-16312.21
7327.73
-10355.43
-10923.1
5343.16
2906.38
4853.76
-6944.7
46.94
6233.92
-738.31
271.82
-13813.55
13261.29
3273.39
3408.16
-15451.58
-2870.57
-8459.61
3499.1
14519.21
-6182.83
-10707.55
2771.5
-16258.71
-8769.97
4877.64
4066.28
8370.88
12994.76
-4582.62
7053.62
4328.1
-5585.75
-14957.34
9718.8
-6948.84
-7100.55
-5951.37
8349.24
17.5
10271.3
-4162.81
-12454.6
5049.88
16319.26
13393.6
1958.55
8601.52
-2523.43
16383.26
-7715.52
-8312.48
-2835.7
11409.43
-3071.76
-15849.31
15060.28
13140.97
-4917.11
7861.34
-9279.2
-3490.31
-15118.93
14493.94
3577.29
3202.54
5904.30
-4312.10
-4254.0
-164.40
-7961.99
-4272.54
9660.77
-6741.82
4414.27
-597.18
-4007.42
-1319.2
7312.46
5586.1
-4519.32
-5625.53
15667.89
-14794.76
-15820.16
9219.3
-2899.67
12558.94
-16039.22
12981.0
15456.37
-12368.31
-11020.7
-7279.17
-3423.30
2377.22
13839.1
9235.35
10511.25
-9735.51
-6973.76
2726.94
332.72
-2468.35
5712.65
1270.97
3838.73
15413.92
-852.99
11107.7
12681.75
11625.80
14960.23
-13366.33
7319.34
13905.86
-12978.68
-9811.44
404.67
1482.48
-13831.17
2871.34
-9867.75
6206.83
-13623.9
15659.89
-15593.27
12102.76
-16356.94
-1548.56
276.70
-10841.24
-6140.57
4578.21
-4019.55
15017.84
13332.57
6749.39
14681.93
-14776.54
-15952.77
9327.32
-6704.51
-7021.44
1376.29
2639.8
-14389.14
12678.84
-5051.41
-10664.35
13914.5
13329.56
6508.61
5690.13
7128.55
-2421.88
13413.64
9044.49
12725.29
3253.56
3418.21
10245.48
7052.18
-6791.53
4476.51
2077.1
-10866.32
-15394.2
15221.74
-6184.34
14187.91
15563.29
-11447.64
3926.11
-5920.72
-2481.28
10535.91
-9509.92
-4957.84
-5424.92
-13540.52
-16273.49
-12174.77
-1384.5
3863.28
5633.29
13605.14
10553.65
-10888.45
-6739.50
7186.81
55.88
12017.69
446.21
10993.1
-5902.59
7864.92
11285.69
11337.64
7632.92
-12152.90
6643.76
12560.99
-15762.47
-13849.50
-9889.69
-10711.65
2374.78
-10983.80
13452.6
-755.35
5698.87
2719.67
9803.22
11814.26
4351.7
-8422.75
2513.99
-11775.6
-8975.93
-5474.95
11462.14
-11485.44
2560.44
843.50
13179.35
-10768.26
2607.95
16154.8
-1816.45
-12374.2
-7612.57
5821.33
-8467.0
-9108.50
-6416.2
-10745.77
9598.80
-9483.73
722.61
3902.36
13168.31
-5436.36
-5097.82
-5404.47
-9817.66
6793.9
-2492.89
-15265.70
-10861.85
-4536.30
10406.6
-3334.83
-11122.94
5251.22
-6426.28
-13010.60
13624.44
-2927.14
-760.78
15266.32
-3550.66
4477.28
10658.79
6848.88
-2081.25
-8398.27
-10721.55
-12854.96
1238.35
13621.28
-7222.73
-890.26
-12260.55
-10023.19
15482.41
-3449.0
232.5
11969.65
6602.92
-5076.35
-15978.12
2537.46
12292.64
1260.28
-11595.53
14114.97
-13970.9
12509.43
-106.30
4796.14
-3105.5
-7776.84
1960.41
1173.72
-15339.37
16185.69
11971.85
-11831.61
7392.98
-9161.85
-15459.88
-9513.46
-11247.35
-7700.79
210.91
3404.37
4214.8
12899.55
4526.21
1229.4
-10788.54
11681.94
-8694.62
7762.50
-4834.97
12088.86
-7070.66
6568.98
13778.77
7888.74
-9823.97
4873.38
-870.33
5701.6
13296.1
3179.94
-11094.64
-7352.89
-11469.36
10086.76
15034.86
3820.25
9177.76
-2874.42
-2130.95
3656.79
-3842.64
-9982.13
-9244.24
15417.91
11804.58
-11233.10
12941.62
10072.23
15555.34
13698.94
3747.11
-4841.1
-2226.26
-3834.3
7404.10
16101.62
-14798.85
2527.83
-9091.44
15479.91
-6665.66
-15297.94
5004.11
-12522.47
2807.22
-14204.46
-13084.79
9342.20
-15089.24
8510.34
-2952.45
10905.33
9368.1
-39.21
-4099.6
2420.46
-11918.69
2163.45
840.17
-9653.95
12965.37
11122.63
-14716.60
-13053.9
15581.77
-16148.0
-12577.26
-2222.36
15419.63
9835.62
-11757.17
-178.96
-11475.36
-11836.16
-7795.27
6927.32
2648.35
-9319.3
9794.78
7172.48
-12902.64
-3733.88
521.21
-558.72
-651.91
-5982.91
7824.58
-15038.86
-9961.49
-13763.39
-6730.14
10445.19
-14034.81
-7679.24
-9072.63
-5556.54
8055.17
-7733.92
-16279.3
1627.34
-15791.14
10706.36
-7335.52
-3614.19
-11664.11
12267.75
15895.57
175.34
12277.14
436.42
-1234.12
5539.11
-5235.16
-9935.90
1177.1
12841.80
10396.94
14852.81
-13733.2
14838.36
-6973.70
-7669.52
12487.20
-10746.35
2818.66
3398.47
13979.39
-9883.29
-9321.74
2976.25
-8947.26
15628.99
2598.90
-3152.92
9928.27
-3189.17
3247.17
-7768.5
3642.20
-11632.34
7556.99
14943.50
9819.70
-8346.67
4156.4
7422.94
-7888.96
13853.93
-13135.30
-11726.66
12869.8
12561.18
12012.37
-13103.99
-5577.61
4447.53
9602.62
4433.4
-12591.38
-3874.71
836.45
-8721.67
-15193.11
4139.61
4144.31
-6379.12
2770.5
3361.79
15441.99
14948.67
-8204.8
-15608.43
3773.30
-9210.99
-5328.38
-5360.21
11156.42
-7442.52
-7783.79
1317.21
7828.83
7419.98
-3902.14
-8257.46
3179.55
-9601.38
9226.51
12568.63
-1721.75
-8388.18
-819.63
-12850.95
2975.49
-8885.4
6606.38
-14826.23
-13892.33
1667.55
-16010.28
6484.11
-1193.39
15891.30
-11234.26
-437.27
-5992.64
1642.57
-14534.25
-12747.49
10357.44
7031.94
2693.27
9494.18
-173.33
-9505.21
-14265.95
7363.1
-13223.36
7279.82
5654.85
-4291.31
2284.84
12242.61
-14563.94
1042.55
7545.85
-14051.50
-5487.63
-11836.44
2924.73
4794.46
-9481.18
47.7
12766.3
-8826.76
-9845.55
-1756.95
-1746.26
251.82
16144.62
1453.0
-7768.56
-1505.20
-9861.83
-1671.81
13588.29
-14738.27
788.41
-4232.3
-12924.84
9741.97
2240.79
-12180.21
2948.27
-8587.41
972.73
-383.57
1925.62
9658.22
6363.16
2059.80
11955.3
10761.11
-3313.29
-16309.90
3950.86
4866.30
-12795.12
-5242.53
13127.8
11016.20
-6068.92
-1628.67
5302.67
15154.65
-6430.23
9512.0
-10758.54
3476.86
-13109.40
14864.71
-14679.62
-1972.99
11133.49
658.38
10553.48
2529.53
6318.5
-7023.25
-6285.83
1165.59
-11303.63
-15671.73
11132.48
-5410.67
16327.39
7646.2
-3421.28
-3495.96
-11663.78
-15093.66
2466.76
13636.46
-10676.90
15916.0
12405.60
-14008.32
-2896.94
2419.42
3179.20
-156.89
-10420.76
4708.92
7315.84
-15334.14
84.37
-5090.13
-1002.36
-14796.73
10152.45
15679.8
13809.15
11680.85
-9228.62
-15826.44
-5800.1
-2292.68
-6312.80
-3598.91
-6500.88
-8515.57
6838.68
887.95
-8653.6
363.10
-5073.68
8253.94
-5024.99
-10794.97
4069.92
-5324.93
2937.75
-10055.59
11448.18
1555.15
-13460.38
-16275.77
-10722.21
-15916.99
-4900.5
6917.4
10727.80
774.36
-7887.16
200.72
-10848.20
-16161.23
-12931.94
10046.76
-316.18
2169.38
-16369.59
7133.66
11152.49
6552.75
5785.84
6426.80
-8743.37
3170.1
10855.13
-4068.26
-10693.34
-11096.56
-7004.72
-10874.24
-2225.63
-158.13
10874.90
2320.76
5610.93
3984.7
7134.70
10503.56
-3078.28
553.34
14041.15
8589.18
11200.25
528.44
1076.3
3463.25
-2901.30
-7505.58
-10464.33
-2330.34
-13762.65
12933.34
4450.98
-6091.57
13778.3
8487.9
4789.37
-3497.99
-14221.3
-15376.79
2047.11
5436.20
3932.86
-15587.13
-3665.45
-14954.72
-15448.55
12659.61
6660.37
15227.63
9099.8
-6384.85
1714.30
3806.42
-14931.70
-13816.62
14235.22
8335.20
11760.11
-2657.25
14301.57
-8917.52
7032.94
-4213.70
5539.77
-139.36
-8834.30
14265.22
1435.72
168.64
-4715.9
10300.96
2711.88
-1953.91
4918.7
-13883.32
14310.11
3222.20
2992.3
15169.95
-13109.71
-14480.75
15891.59
-7421.79
-6524.67
14680.49
11678.70
-15800.10
-1905.47
-5963.63
-2985.28
5072.12
-15462.85
12385.10
-9394.76
3591.99
1395.90
15322.73
3646.8
13859.32
2020.98
-298.13
-5982.53
-16355.7
9768.58
3644.24
2005.4
7786.43
10569.36
15470.68
-9531.81
-11293.46
-3595.96
-14589.94
5846.5
-334.84
11896.49
-15602.17
1891.80
1631.59
7032.82
-2702.81
-12535.70
16261.18
-14315.91
-2180.23
12142.44
-6130.76
7036.79
1165.43
7733.3
-5892.44
-3613.20
-6755.61
-2036.60
8061.52
2965.85
2827.69
4365.85
7521.17
1235.63
-153.23
16106.94
2803.11
8125.56
14686.21
-6049.77
-5005.24
-1496.33
1052.37
7977.89
-12091.86
-15253.45
-2593.72
-7425.99
853.74
11602.0
-16025.3
186.84
-12371.71
-3448.91
9313.59
-4277.9
1226.56
-12918.90
-5914.36
2165.50
4892.1
5143.99
-2564.52
16268.66
2460.96
-1999.63
12082.26
-4412.48
6126.33
11652.40
9016.34
12692.25
14033.80
-7643.40
-1485.65
15127.26
-202.19
-4865.2
-5142.7
11819.42
1041.16
11698.50
-11284.89
-1026.10
13534.13
-15507.98
6478.64
5619.32
9150.0
-235.5
-5785.12
10130.27
-14911.19
8210.38
5127.64
-4477.50
4994.12
165.32
-10439.50
8273.49
7925.16
-6438.9
10354.91
1969.62
14607.25
1186.49
564.81
-16204.33
-9206.83
-6426.0
3445.79
15131.28
2972.47
15735.94
4394.39
-8774.53
-1934.69
-10486.35
-13482.70
6191.29
-4607.5
-12776.46
13877.12
-13560.75
-14450.84
1069.67
7111.15
-5101.95
14183.60
-6800.60
11493.45
14509.45
2153.57
-9492.74
8371.6
11781.95
-1935.33
12382.83
-1848.17
15736.28
-4965.50
-13230.68
7865.76
-5510.39
16326.8
14337.92
-6837.91
-3252.13
-13731.24
-6775.68
7029.7
15890.17
-3631.25
11581.4
15413.95
11820.98
-6749.3
5868.75
5285.92
-3113.50
-12474.99
-12467.93
1636.87
-13101.49
4674.68
-14309.92
-8203.71
12001.11
13758.96
2343.90
8065.65
-9309.91
-6184.7
-4403.85
-7171.81
3909.30
6447.73
950.28
2595.6
-2114.10
-3097.41
-3596.13
6221.48
13180.9
-4264.60
9554.44
11355.45
2480.34
-13680.99
8860.45
4755.90
-15350.85
2815.59
-12814.79
6284.70
10372.93
4191.13
-8937.79
-2208.0
9263.13
-14361.96
-8980.83
3598.90
6430.19
9966.10
1404.75
9449.21
-15743.77
15673.34
-15873.77
-11725.95
11191.44
4281.97
8486.53
13820.51
-2108.57
5187.67
-2002.75
-10404.60
-9439.63
4933.17
11086.10
-10803.38
-14248.51
3902.37
16018.73
-14973.82
-2302.84
-5518.23
-3895.15
11952.37
1253.11
1063.65
-7926.32
1566.47
-7299.46
-2414.94
-6362.62
-1787.0
12225.18
11448.43
12511.21
7356.29
8148.33
-14999.38
15828.77
-4876.60
-12431.10
-3253.88
1924.72
10589.32
-10030.6
9952.51
7319.85
-13766.83
14651.79
6308.67
-521.42
5091.85
-6693.36
-9999.58
780.62
-11768.31
-6501.47
5542.17
-7508.99
-14016.68
13101.47
-12308.69
2084.33
-4928.60
7834.21
-945.75
217.28
-16198.49
14891.59
6029.1
6249.26
-887.43
-5326.15
-2337.1
9125.65
-12023.38
2736.68
7997.30
-1837.41
-12800.33
-5052.95
-4065.90
10853.38
-5119.35
6499.90
-8835.75
5865.52
1145.85
6908.10
12946.72
3679.1
-2108.79
13683.48
7807.90
-11881.4
4011.38
1771.92
13288.28
-13985.95
-15736.14
-12919.94
-4656.17
9081.53
14321.39
-12660.67
-4717.79
4662.69
6525.36
10833.54
4885.78
12616.62
-14890.56
-5166.31
-315.14
-1448.7
2386.82
-3578.40
8914.76
13895.67
-1540.0
14062.1
3498.6
12417.89
196.51
-8197.78
-2819.25
-1052.73
-4084.91
13385.22
972.15
-1234.70
3238.59
-13047.18
8313.9
-16069.75
6263.60
516.4
-1301.92
-9800.51
6457.31
-15903.98
412.41
10198.33
6680.84
8214.96
1349.9
15847.83
13661.39
1572.2
-7490.70
-574.17
-2590.82
-7113.52
9264.80
722.4
-12196.77
13695.27
-12086.41
16252.55
-4791.31
5816.77
4318.86
-15789.60
-9405.3
-321.38
-5956.9
6823.63
-4270.10
-7307.33
6682.81
-9646.69
1631.42
-4491.51
8241.25
-15570.67
-6380.69
6192.71
-9298.69
15183.94
-6277.29
-9656.30
-2205.27
-4028.90
-1643.60
6194.86
-4806.97
-1199.88
12728.54
-280.77
-13865.73
7685.24
